 31   5  0.186593E+02  0.000000E+00  0.000000E+00
 32   5  0.186323E+02  0.000000E+00  0.000000E+00
 33   5  0.186185E+02  0.000000E+00  0.000000E+00
 34   5  0.185688E+02  0.000000E+00  0.000000E+00
 35   5  0.185337E+02  0.000000E+00  0.000000E+00
 36   5  0.184537E+02  0.000000E+00  0.000000E+00
 37   5  0.183572E+02  0.000000E+00  0.000000E+00
 38   5  0.183035E+02  0.000000E+00  0.000000E+00
 39   5  0.182036E+02  0.000000E+00  0.000000E+00
 40   5  0.181486E+02  0.000000E+00  0.000000E+00
 41   5  0.181153E+02  0.000000E+00  0.000000E+00
 42   5  0.180537E+02  0.000000E+00  0.000000E+00
 43   5  0.180474E+02  0.000000E+00  0.000000E+00
 44   5  0.180448E+02  0.000000E+00  0.000000E+00
 45   5  0.180553E+02  0.000000E+00  0.000000E+00
 46   5  0.180767E+02  0.000000E+00  0.000000E+00
 47   5  0.180411E+02  0.000000E+00  0.000000E+00
 48   5  0.180926E+02  0.000000E+00  0.000000E+00
 49   5  0.181097E+02  0.000000E+00  0.000000E+00
 50   5  0.180703E+02  0.000000E+00  0.000000E+00
 51   5  0.180151E+02  0.000000E+00  0.000000E+00
 52   5  0.181390E+02  0.000000E+00  0.000000E+00
 53   5  0.182044E+02  0.000000E+00  0.000000E+00
 54   5  0.181560E+02  0.000000E+00  0.000000E+00
 55   5  0.182852E+02  0.000000E+00  0.000000E+00
 56   5  0.183175E+02  0.000000E+00  0.000000E+00
 57   5  0.184205E+02  0.000000E+00  0.000000E+00
 58   5  0.185650E+02  0.000000E+00  0.000000E+00
 59   5  0.186392E+02  0.000000E+00  0.000000E+00
 30   6  0.186297E+02  0.000000E+00  0.000000E+00
 31   6  0.186905E+02  0.000000E+00  0.000000E+00
 32   6  0.186747E+02  0.000000E+00  0.000000E+00
 33   6  0.186312E+02  0.000000E+00  0.000000E+00
 34   6  0.185787E+02  0.000000E+00  0.000000E+00
 35   6  0.185132E+02  0.000000E+00  0.000000E+00
 36   6  0.184748E+02  0.000000E+00  0.000000E+00
 37   6  0.183926E+02  0.000000E+00  0.000000E+00
 38   6  0.183501E+02  0.000000E+00  0.000000E+00
 39   6  0.182644E+02  0.000000E+00  0.000000E+00
 40   6  0.182226E+02  0.000000E+00  0.000000E+00
 41   6  0.181934E+02  0.000000E+00  0.000000E+00
 42   6  0.181848E+02  0.000000E+00  0.000000E+00
 43   6  0.181357E+02  0.000000E+00  0.000000E+00
 44   6  0.181349E+02  0.000000E+00  0.000000E+00
 45   6  0.181489E+02  0.000000E+00  0.000000E+00
 46   6  0.181763E+02  0.000000E+00  0.000000E+00
 47   6  0.182145E+02  0.000000E+00  0.000000E+00
 48   6  0.182234E+02  0.000000E+00  0.000000E+00
 49   6  0.182426E+02  0.000000E+00  0.000000E+00
 50   6  0.181512E+02  0.000000E+00  0.000000E+00
 51   6  0.182841E+02  0.000000E+00  0.000000E+00
 52   6  0.182930E+02  0.000000E+00  0.000000E+00
 53   6  0.183808E+02  0.000000E+00  0.000000E+00
 54   6  0.184715E+02  0.000000E+00  0.000000E+00
 55   6  0.185552E+02  0.000000E+00  0.000000E+00
 56   6  0.186242E+02  0.000000E+00  0.000000E+00
 57   6  0.186075E+02  0.000000E+00  0.000000E+00
 58   6  0.187066E+02  0.000000E+00  0.000000E+00
 32   7  0.186630E+02  0.000000E+00  0.000000E+00
 33   7  0.186222E+02  0.000000E+00  0.000000E+00
 34   7  0.185899E+02  0.000000E+00  0.000000E+00
 35   7  0.185490E+02  0.000000E+00  0.000000E+00
 36   7  0.184889E+02  0.000000E+00  0.000000E+00
 37   7  0.184570E+02  0.000000E+00  0.000000E+00
 38   7  0.183826E+02  0.000000E+00  0.000000E+00
 39   7  0.183567E+02  0.000000E+00  0.000000E+00
 40   7  0.183293E+02  0.000000E+00  0.000000E+00
 41   7  0.183066E+02  0.000000E+00  0.000000E+00
 42   7  0.182563E+02  0.000000E+00  0.000000E+00
 43   7  0.182118E+02  0.000000E+00  0.000000E+00
 44   7  0.182134E+02  0.000000E+00  0.000000E+00
 45   7  0.182266E+02  0.000000E+00  0.000000E+00
 46   7  0.182577E+02  0.000000E+00  0.000000E+00
 47   7  0.183089E+02  0.000000E+00  0.000000E+00
 48   7  0.183216E+02  0.000000E+00  0.000000E+00
 49   7  0.183427E+02  0.000000E+00  0.000000E+00
 50   7  0.183698E+02  0.000000E+00  0.000000E+00
 51   7  0.183934E+02  0.000000E+00  0.000000E+00
 52   7  0.184072E+02  0.000000E+00  0.000000E+00
 53   7  0.184961E+02  0.000000E+00  0.000000E+00
 54   7  0.185814E+02  0.000000E+00  0.000000E+00
 55   7  0.186465E+02  0.000000E+00  0.000000E+00
 56   7  0.186946E+02  0.000000E+00  0.000000E+00
 57   7  0.187304E+02  0.000000E+00  0.000000E+00
 32   8  0.186684E+02  0.000000E+00  0.000000E+00
 33   8  0.186257E+02  0.000000E+00  0.000000E+00
 34   8  0.185946E+02  0.000000E+00  0.000000E+00
 35   8  0.185556E+02  0.000000E+00  0.000000E+00
 36   8  0.185302E+02  0.000000E+00  0.000000E+00
 37   8  0.185107E+02  0.000000E+00  0.000000E+00
 38   8  0.184586E+02  0.000000E+00  0.000000E+00
 39   8  0.183922E+02  0.000000E+00  0.000000E+00
 40   8  0.183801E+02  0.000000E+00  0.000000E+00
 41   8  0.183667E+02  0.000000E+00  0.000000E+00
 42   8  0.183139E+02  0.000000E+00  0.000000E+00
 43   8  0.183169E+02  0.000000E+00  0.000000E+00
 44   8  0.182849E+02  0.000000E+00  0.000000E+00
 45   8  0.182946E+02  0.000000E+00  0.000000E+00
 46   8  0.183700E+02  0.000000E+00  0.000000E+00
 47   8  0.183849E+02  0.000000E+00  0.000000E+00
 48   8  0.183925E+02  0.000000E+00  0.000000E+00
 49   8  0.184143E+02  0.000000E+00  0.000000E+00
 50   8  0.184432E+02  0.000000E+00  0.000000E+00
 51   8  0.184714E+02  0.000000E+00  0.000000E+00
 52   8  0.184871E+02  0.000000E+00  0.000000E+00
 53   8  0.185685E+02  0.000000E+00  0.000000E+00
 54   8  0.186406E+02  0.000000E+00  0.000000E+00
 55   8  0.186945E+02  0.000000E+00  0.000000E+00
 56   8  0.187231E+02  0.000000E+00  0.000000E+00
 57   8  0.187604E+02  0.000000E+00  0.000000E+00
 32   9  0.186746E+02  0.000000E+00  0.000000E+00
 33   9  0.186282E+02  0.000000E+00  0.000000E+00
 34   9  0.185973E+02  0.000000E+00  0.000000E+00
 35   9  0.185612E+02  0.000000E+00  0.000000E+00
 36   9  0.185402E+02  0.000000E+00  0.000000E+00
 37   9  0.185270E+02  0.000000E+00  0.000000E+00
 38   9  0.185172E+02  0.000000E+00  0.000000E+00
 39   9  0.184765E+02  0.000000E+00  0.000000E+00
 40   9  0.184302E+02  0.000000E+00  0.000000E+00
 41   9  0.183888E+02  0.000000E+00  0.000000E+00
 42   9  0.184101E+02  0.000000E+00  0.000000E+00
 43   9  0.183742E+02  0.000000E+00  0.000000E+00
 44   9  0.183496E+02  0.000000E+00  0.000000E+00
 45   9  0.183619E+02  0.000000E+00  0.000000E+00
 46   9  0.184147E+02  0.000000E+00  0.000000E+00
 47   9  0.184337E+02  0.000000E+00  0.000000E+00
 48   9  0.184383E+02  0.000000E+00  0.000000E+00
 49   9  0.184648E+02  0.000000E+00  0.000000E+00
 50   9  0.184939E+02  0.000000E+00  0.000000E+00
 51   9  0.185240E+02  0.000000E+00  0.000000E+00
 52   9  0.185431E+02  0.000000E+00  0.000000E+00
 53   9  0.185647E+02  0.000000E+00  0.000000E+00
 54   9  0.186307E+02  0.000000E+00  0.000000E+00
 55   9  0.186754E+02  0.000000E+00  0.000000E+00
 56   9  0.187111E+02  0.000000E+00  0.000000E+00
 57   9  0.187316E+02  0.000000E+00  0.000000E+00
 58   9  0.187337E+02  0.000000E+00  0.000000E+00
 33  10  0.186202E+02  0.000000E+00  0.000000E+00
 34  10  0.185898E+02  0.000000E+00  0.000000E+00
 35  10  0.185658E+02  0.000000E+00  0.000000E+00
 36  10  0.185519E+02  0.000000E+00  0.000000E+00
 37  10  0.185445E+02  0.000000E+00  0.000000E+00
 38  10  0.185389E+02  0.000000E+00  0.000000E+00
 39  10  0.184866E+02  0.000000E+00  0.000000E+00
 40  10  0.184344E+02  0.000000E+00  0.000000E+00
 41  10  0.184421E+02  0.000000E+00  0.000000E+00
 42  10  0.184623E+02  0.000000E+00  0.000000E+00
 43  10  0.184600E+02  0.000000E+00  0.000000E+00
 44  10  0.184069E+02  0.000000E+00  0.000000E+00
 45  10  0.184194E+02  0.000000E+00  0.000000E+00
 46  10  0.184463E+02  0.000000E+00  0.000000E+00
 47  10  0.184702E+02  0.000000E+00  0.000000E+00
 48  10  0.185012E+02  0.000000E+00  0.000000E+00
 49  10  0.185063E+02  0.000000E+00  0.000000E+00
 50  10  0.185299E+02  0.000000E+00  0.000000E+00
 51  10  0.185596E+02  0.000000E+00  0.000000E+00
 52  10  0.185780E+02  0.000000E+00  0.000000E+00
 53  10  0.185926E+02  0.000000E+00  0.000000E+00
 54  10  0.186479E+02  0.000000E+00  0.000000E+00
 55  10  0.186825E+02  0.000000E+00  0.000000E+00
 56  10  0.186916E+02  0.000000E+00  0.000000E+00
 57  10  0.187162E+02  0.000000E+00  0.000000E+00
 58  10  0.187223E+02  0.000000E+00  0.000000E+00
 59  10  0.186975E+02  0.000000E+00  0.000000E+00
 60  10  0.186359E+02  0.000000E+00  0.000000E+00
 33  11  0.186028E+02  0.000000E+00  0.000000E+00
 34  11  0.185828E+02  0.000000E+00  0.000000E+00
 35  11  0.185712E+02  0.000000E+00  0.000000E+00
 36  11  0.185626E+02  0.000000E+00  0.000000E+00
 37  11  0.185434E+02  0.000000E+00  0.000000E+00
 38  11  0.185399E+02  0.000000E+00  0.000000E+00
 39  11  0.185163E+02  0.000000E+00  0.000000E+00
 40  11  0.185209E+02  0.000000E+00  0.000000E+00
 41  11  0.185269E+02  0.000000E+00  0.000000E+00
 42  11  0.185413E+02  0.000000E+00  0.000000E+00
 43  11  0.185392E+02  0.000000E+00  0.000000E+00
 44  11  0.184952E+02  0.000000E+00  0.000000E+00
 45  11  0.184752E+02  0.000000E+00  0.000000E+00
 46  11  0.184922E+02  0.000000E+00  0.000000E+00
 47  11  0.185069E+02  0.000000E+00  0.000000E+00
 48  11  0.185290E+02  0.000000E+00  0.000000E+00
 49  11  0.185249E+02  0.000000E+00  0.000000E+00
 50  11  0.185769E+02  0.000000E+00  0.000000E+00
 51  11  0.185859E+02  0.000000E+00  0.000000E+00
 52  11  0.185984E+02  0.000000E+00  0.000000E+00
 53  11  0.186444E+02  0.000000E+00  0.000000E+00
 54  11  0.186572E+02  0.000000E+00  0.000000E+00
 55  11  0.186865E+02  0.000000E+00  0.000000E+00
 56  11  0.186974E+02  0.000000E+00  0.000000E+00
 57  11  0.187199E+02  0.000000E+00  0.000000E+00
 58  11  0.187278E+02  0.000000E+00  0.000000E+00
 59  11  0.187289E+02  0.000000E+00  0.000000E+00
 60  11  0.186852E+02  0.000000E+00  0.000000E+00
 33  12  0.185811E+02  0.000000E+00  0.000000E+00
 34  12  0.185750E+02  0.000000E+00  0.000000E+00
 35  12  0.185784E+02  0.000000E+00  0.000000E+00
 36  12  0.185783E+02  0.000000E+00  0.000000E+00
 37  12  0.185925E+02  0.000000E+00  0.000000E+00
 38  12  0.186112E+02  0.000000E+00  0.000000E+00
 39  12  0.186034E+02  0.000000E+00  0.000000E+00
 40  12  0.186151E+02  0.000000E+00  0.000000E+00
 41  12  0.185870E+02  0.000000E+00  0.000000E+00
 42  12  0.186283E+02  0.000000E+00  0.000000E+00
 43  12  0.185788E+02  0.000000E+00  0.000000E+00
 44  12  0.185469E+02  0.000000E+00  0.000000E+00
 45  12  0.185258E+02  0.000000E+00  0.000000E+00
 46  12  0.185189E+02  0.000000E+00  0.000000E+00
 47  12  0.185199E+02  0.000000E+00  0.000000E+00
 48  12  0.185546E+02  0.000000E+00  0.000000E+00
 49  12  0.185685E+02  0.000000E+00  0.000000E+00
 50  12  0.185849E+02  0.000000E+00  0.000000E+00
 51  12  0.186071E+02  0.000000E+00  0.000000E+00
 52  12  0.186341E+02  0.000000E+00  0.000000E+00
 53  12  0.186501E+02  0.000000E+00  0.000000E+00
 54  12  0.186639E+02  0.000000E+00  0.000000E+00
 55  12  0.186883E+02  0.000000E+00  0.000000E+00
 56  12  0.187002E+02  0.000000E+00  0.000000E+00
 57  12  0.187207E+02  0.000000E+00  0.000000E+00
 58  12  0.187538E+02  0.000000E+00  0.000000E+00
 59  12  0.187444E+02  0.000000E+00  0.000000E+00
 60  12  0.187092E+02  0.000000E+00  0.000000E+00
 23  13  0.183831E+02  0.000000E+00  0.000000E+00
 24  13  0.183621E+02  0.000000E+00  0.000000E+00
 25  13  0.183839E+02  0.000000E+00  0.000000E+00
 32  13  0.185784E+02  0.000000E+00  0.000000E+00
 33  13  0.185652E+02  0.000000E+00  0.000000E+00
 34  13  0.185788E+02  0.000000E+00  0.000000E+00
 35  13  0.185810E+02  0.000000E+00  0.000000E+00
 36  13  0.185891E+02  0.000000E+00  0.000000E+00
 37  13  0.186102E+02  0.000000E+00  0.000000E+00
 38  13  0.186280E+02  0.000000E+00  0.000000E+00
 42  13  0.187014E+02  0.000000E+00  0.000000E+00
 43  13  0.186719E+02  0.000000E+00  0.000000E+00
 44  13  0.186232E+02  0.000000E+00  0.000000E+00
 45  13  0.186018E+02  0.000000E+00  0.000000E+00
 46  13  0.185579E+02  0.000000E+00  0.000000E+00
 47  13  0.185492E+02  0.000000E+00  0.000000E+00
 48  13  0.185797E+02  0.000000E+00  0.000000E+00
 49  13  0.185847E+02  0.000000E+00  0.000000E+00
 50  13  0.185598E+02  0.000000E+00  0.000000E+00
 51  13  0.186049E+02  0.000000E+00  0.000000E+00
 52  13  0.186477E+02  0.000000E+00  0.000000E+00
 53  13  0.186647E+02  0.000000E+00  0.000000E+00
 54  13  0.186836E+02  0.000000E+00  0.000000E+00
 55  13  0.186937E+02  0.000000E+00  0.000000E+00
 56  13  0.187158E+02  0.000000E+00  0.000000E+00
 57  13  0.187353E+02  0.000000E+00  0.000000E+00
 58  13  0.187653E+02  0.000000E+00  0.000000E+00
 22  14  0.184024E+02  0.000000E+00  0.000000E+00
 23  14  0.183846E+02  0.000000E+00  0.000000E+00
 24  14  0.183664E+02  0.000000E+00  0.000000E+00
 25  14  0.183751E+02  0.000000E+00  0.000000E+00
 26  14  0.183932E+02  0.000000E+00  0.000000E+00
 27  14  0.183985E+02  0.000000E+00  0.000000E+00
 28  14  0.184149E+02  0.000000E+00  0.000000E+00
 29  14  0.184569E+02  0.000000E+00  0.000000E+00
 30  14  0.184598E+02  0.000000E+00  0.000000E+00
 32  14  0.185530E+02  0.000000E+00  0.000000E+00
 33  14  0.185556E+02  0.000000E+00  0.000000E+00
 34  14  0.185786E+02  0.000000E+00  0.000000E+00
 35  14  0.185900E+02  0.000000E+00  0.000000E+00
 36  14  0.185940E+02  0.000000E+00  0.000000E+00
 37  14  0.186148E+02  0.000000E+00  0.000000E+00
 43  14  0.187375E+02  0.000000E+00  0.000000E+00
 44  14  0.187315E+02  0.000000E+00  0.000000E+00
 45  14  0.187100E+02  0.000000E+00  0.000000E+00
 46  14  0.186626E+02  0.000000E+00  0.000000E+00
 47  14  0.186059E+02  0.000000E+00  0.000000E+00
 48  14  0.185758E+02  0.000000E+00  0.000000E+00
 49  14  0.185694E+02  0.000000E+00  0.000000E+00
 50  14  0.185658E+02  0.000000E+00  0.000000E+00
 51  14  0.186040E+02  0.000000E+00  0.000000E+00
 52  14  0.186460E+02  0.000000E+00  0.000000E+00
 53  14  0.186628E+02  0.000000E+00  0.000000E+00
 54  14  0.186976E+02  0.000000E+00  0.000000E+00
 55  14  0.187094E+02  0.000000E+00  0.000000E+00
 56  14  0.187273E+02  0.000000E+00  0.000000E+00
 57  14  0.187448E+02  0.000000E+00  0.000000E+00
 58  14  0.187620E+02  0.000000E+00  0.000000E+00
 19  15  0.183871E+02  0.000000E+00  0.000000E+00
 20  15  0.183858E+02  0.000000E+00  0.000000E+00
 21  15  0.183676E+02  0.000000E+00  0.000000E+00
 22  15  0.183643E+02  0.000000E+00  0.000000E+00
 23  15  0.183481E+02  0.000000E+00  0.000000E+00
 24  15  0.183563E+02  0.000000E+00  0.000000E+00
 25  15  0.183675E+02  0.000000E+00  0.000000E+00
 26  15  0.183848E+02  0.000000E+00  0.000000E+00
 27  15  0.184046E+02  0.000000E+00  0.000000E+00
 28  15  0.184500E+02  0.000000E+00  0.000000E+00
 29  15  0.184869E+02  0.000000E+00  0.000000E+00
 30  15  0.184990E+02  0.000000E+00  0.000000E+00
 31  15  0.185137E+02  0.000000E+00  0.000000E+00
 32  15  0.185387E+02  0.000000E+00  0.000000E+00
 33  15  0.185656E+02  0.000000E+00  0.000000E+00
 34  15  0.185757E+02  0.000000E+00  0.000000E+00
 35  15  0.185871E+02  0.000000E+00  0.000000E+00
 36  15  0.186008E+02  0.000000E+00  0.000000E+00
 46  15  0.187269E+02  0.000000E+00  0.000000E+00
 47  15  0.187022E+02  0.000000E+00  0.000000E+00
 48  15  0.186529E+02  0.000000E+00  0.000000E+00
 49  15  0.186097E+02  0.000000E+00  0.000000E+00
 50  15  0.185566E+02  0.000000E+00  0.000000E+00
 51  15  0.186005E+02  0.000000E+00  0.000000E+00
 52  15  0.186441E+02  0.000000E+00  0.000000E+00
 53  15  0.186773E+02  0.000000E+00  0.000000E+00
 54  15  0.187069E+02  0.000000E+00  0.000000E+00
 55  15  0.187306E+02  0.000000E+00  0.000000E+00
 56  15  0.187435E+02  0.000000E+00  0.000000E+00
 57  15  0.187524E+02  0.000000E+00  0.000000E+00
 16  16  0.183710E+02  0.000000E+00  0.000000E+00
 17  16  0.183697E+02  0.000000E+00  0.000000E+00
 18  16  0.183438E+02  0.000000E+00  0.000000E+00
 19  16  0.183415E+02  0.000000E+00  0.000000E+00
 20  16  0.183372E+02  0.000000E+00  0.000000E+00
 21  16  0.183230E+02  0.000000E+00  0.000000E+00
 22  16  0.183255E+02  0.000000E+00  0.000000E+00
 23  16  0.183317E+02  0.000000E+00  0.000000E+00
 24  16  0.183403E+02  0.000000E+00  0.000000E+00
 25  16  0.183593E+02  0.000000E+00  0.000000E+00
 26  16  0.183827E+02  0.000000E+00  0.000000E+00
 27  16  0.184051E+02  0.000000E+00  0.000000E+00
 28  16  0.184565E+02  0.000000E+00  0.000000E+00
 29  16  0.184789E+02  0.000000E+00  0.000000E+00
 30  16  0.184998E+02  0.000000E+00  0.000000E+00
 31  16  0.185199E+02  0.000000E+00  0.000000E+00
 32  16  0.185472E+02  0.000000E+00  0.000000E+00
 33  16  0.185665E+02  0.000000E+00  0.000000E+00
 34  16  0.185795E+02  0.000000E+00  0.000000E+00
 35  16  0.185902E+02  0.000000E+00  0.000000E+00
 49  16  0.186742E+02  0.000000E+00  0.000000E+00
 50  16  0.185525E+02  0.000000E+00  0.000000E+00
 51  16  0.185771E+02  0.000000E+00  0.000000E+00
 52  16  0.186538E+02  0.000000E+00  0.000000E+00
 53  16  0.186830E+02  0.000000E+00  0.000000E+00
 54  16  0.187117E+02  0.000000E+00  0.000000E+00
 55  16  0.187381E+02  0.000000E+00  0.000000E+00
 14  17  0.183615E+02  0.000000E+00  0.000000E+00
 15  17  0.183553E+02  0.000000E+00  0.000000E+00
 16  17  0.183200E+02  0.000000E+00  0.000000E+00
 17  17  0.183086E+02  0.000000E+00  0.000000E+00
 18  17  0.183042E+02  0.000000E+00  0.000000E+00
 19  17  0.183024E+02  0.000000E+00  0.000000E+00
 20  17  0.183023E+02  0.000000E+00  0.000000E+00
 21  17  0.183048E+02  0.000000E+00  0.000000E+00
 22  17  0.183085E+02  0.000000E+00  0.000000E+00
 23  17  0.183099E+02  0.000000E+00  0.000000E+00
 24  17  0.183253E+02  0.000000E+00  0.000000E+00
 25  17  0.183467E+02  0.000000E+00  0.000000E+00
 26  17  0.183733E+02  0.000000E+00  0.000000E+00
 27  17  0.184046E+02  0.000000E+00  0.000000E+00
 28  17  0.184545E+02  0.000000E+00  0.000000E+00
 29  17  0.184791E+02  0.000000E+00  0.000000E+00
 30  17  0.185039E+02  0.000000E+00  0.000000E+00
 31  17  0.185267E+02  0.000000E+00  0.000000E+00
 32  17  0.185554E+02  0.000000E+00  0.000000E+00
 33  17  0.185644E+02  0.000000E+00  0.000000E+00
 34  17  0.185786E+02  0.000000E+00  0.000000E+00
 49  17  0.186495E+02  0.000000E+00  0.000000E+00
 50  17  0.185556E+02  0.000000E+00  0.000000E+00
 51  17  0.185604E+02  0.000000E+00  0.000000E+00
 52  17  0.186243E+02  0.000000E+00  0.000000E+00
 53  17  0.186588E+02  0.000000E+00  0.000000E+00
 54  17  0.186928E+02  0.000000E+00  0.000000E+00
 55  17  0.187190E+02  0.000000E+00  0.000000E+00
 14  18  0.183641E+02  0.000000E+00  0.000000E+00
 15  18  0.183224E+02  0.000000E+00  0.000000E+00
 16  18  0.183102E+02  0.000000E+00  0.000000E+00
 17  18  0.183053E+02  0.000000E+00  0.000000E+00
 18  18  0.182930E+02  0.000000E+00  0.000000E+00
 19  18  0.182685E+02  0.000000E+00  0.000000E+00
 20  18  0.182682E+02  0.000000E+00  0.000000E+00
 21  18  0.182710E+02  0.000000E+00  0.000000E+00
 22  18  0.182784E+02  0.000000E+00  0.000000E+00
 23  18  0.182922E+02  0.000000E+00  0.000000E+00
 24  18  0.183086E+02  0.000000E+00  0.000000E+00
 25  18  0.183323E+02  0.000000E+00  0.000000E+00
 26  18  0.183651E+02  0.000000E+00  0.000000E+00
 27  18  0.184136E+02  0.000000E+00  0.000000E+00
 28  18  0.184435E+02  0.000000E+00  0.000000E+00
 29  18  0.184742E+02  0.000000E+00  0.000000E+00
 30  18  0.185020E+02  0.000000E+00  0.000000E+00
 31  18  0.185356E+02  0.000000E+00  0.000000E+00
 32  18  0.185544E+02  0.000000E+00  0.000000E+00
 33  18  0.185558E+02  0.000000E+00  0.000000E+00
 34  18  0.185639E+02  0.000000E+00  0.000000E+00
 35  18  0.185445E+02  0.000000E+00  0.000000E+00
 48  18  0.186455E+02  0.000000E+00  0.000000E+00
 49  18  0.185868E+02  0.000000E+00  0.000000E+00
 50  18  0.185610E+02  0.000000E+00  0.000000E+00
 51  18  0.185660E+02  0.000000E+00  0.000000E+00
 52  18  0.186175E+02  0.000000E+00  0.000000E+00
 53  18  0.186130E+02  0.000000E+00  0.000000E+00
 54  18  0.186099E+02  0.000000E+00  0.000000E+00
 55  18  0.186634E+02  0.000000E+00  0.000000E+00
 56  18  0.186732E+02  0.000000E+00  0.000000E+00
 10  19  0.182359E+02  0.000000E+00  0.000000E+00
 11  19  0.182229E+02  0.000000E+00  0.000000E+00
 15  19  0.182978E+02  0.000000E+00  0.000000E+00
 16  19  0.182653E+02  0.000000E+00  0.000000E+00
 17  19  0.182658E+02  0.000000E+00  0.000000E+00
 18  19  0.182497E+02  0.000000E+00  0.000000E+00
 19  19  0.182534E+02  0.000000E+00  0.000000E+00
 20  19  0.182550E+02  0.000000E+00  0.000000E+00
 21  19  0.182533E+02  0.000000E+00  0.000000E+00
 22  19  0.182586E+02  0.000000E+00  0.000000E+00
 23  19  0.182669E+02  0.000000E+00  0.000000E+00
 24  19  0.182801E+02  0.000000E+00  0.000000E+00
 25  19  0.183173E+02  0.000000E+00  0.000000E+00
 26  19  0.183464E+02  0.000000E+00  0.000000E+00
 27  19  0.183878E+02  0.000000E+00  0.000000E+00
 28  19  0.184275E+02  0.000000E+00  0.000000E+00
 29  19  0.184696E+02  0.000000E+00  0.000000E+00
 30  19  0.185022E+02  0.000000E+00  0.000000E+00
 31  19  0.185293E+02  0.000000E+00  0.000000E+00
 32  19  0.185456E+02  0.000000E+00  0.000000E+00
 33  19  0.185494E+02  0.000000E+00  0.000000E+00
 34  19  0.185448E+02  0.000000E+00  0.000000E+00
 35  19  0.185333E+02  0.000000E+00  0.000000E+00
 36  19  0.185322E+02  0.000000E+00  0.000000E+00
 37  19  0.185200E+02  0.000000E+00  0.000000E+00
 38  19  0.185165E+02  0.000000E+00  0.000000E+00
 47  19  0.186064E+02  0.000000E+00  0.000000E+00
 48  19  0.185763E+02  0.000000E+00  0.000000E+00
 49  19  0.185717E+02  0.000000E+00  0.000000E+00
 50  19  0.185693E+02  0.000000E+00  0.000000E+00
 51  19  0.185720E+02  0.000000E+00  0.000000E+00
 52  19  0.185910E+02  0.000000E+00  0.000000E+00
 53  19  0.186049E+02  0.000000E+00  0.000000E+00
 54  19  0.186120E+02  0.000000E+00  0.000000E+00
 55  19  0.186331E+02  0.000000E+00  0.000000E+00
 56  19  0.186452E+02  0.000000E+00  0.000000E+00
 57  19  0.186366E+02  0.000000E+00  0.000000E+00
 58  19  0.185996E+02  0.000000E+00  0.000000E+00
 59  19  0.185617E+02  0.000000E+00  0.000000E+00
 60  19  0.185482E+02  0.000000E+00  0.000000E+00
 10  20  0.182161E+02  0.000000E+00  0.000000E+00
 11  20  0.182024E+02  0.000000E+00  0.000000E+00
 12  20  0.182133E+02  0.000000E+00  0.000000E+00
 13  20  0.182357E+02  0.000000E+00  0.000000E+00
 14  20  0.182316E+02  0.000000E+00  0.000000E+00
 15  20  0.182310E+02  0.000000E+00  0.000000E+00
 16  20  0.182317E+02  0.000000E+00  0.000000E+00
 17  20  0.182321E+02  0.000000E+00  0.000000E+00
 18  20  0.182269E+02  0.000000E+00  0.000000E+00
 19  20  0.182302E+02  0.000000E+00  0.000000E+00
 20  20  0.182347E+02  0.000000E+00  0.000000E+00
 21  20  0.182435E+02  0.000000E+00  0.000000E+00
 22  20  0.182535E+02  0.000000E+00  0.000000E+00
 23  20  0.182649E+02  0.000000E+00  0.000000E+00
 24  20  0.182803E+02  0.000000E+00  0.000000E+00
 25  20  0.183015E+02  0.000000E+00  0.000000E+00
 26  20  0.183266E+02  0.000000E+00  0.000000E+00
 27  20  0.183585E+02  0.000000E+00  0.000000E+00
 28  20  0.183982E+02  0.000000E+00  0.000000E+00
 29  20  0.184609E+02  0.000000E+00  0.000000E+00
 30  20  0.185102E+02  0.000000E+00  0.000000E+00
 31  20  0.185262E+02  0.000000E+00  0.000000E+00
 32  20  0.185364E+02  0.000000E+00  0.000000E+00
 33  20  0.185369E+02  0.000000E+00  0.000000E+00
 34  20  0.185265E+02  0.000000E+00  0.000000E+00
 35  20  0.185023E+02  0.000000E+00  0.000000E+00
 36  20  0.184978E+02  0.000000E+00  0.000000E+00
 37  20  0.184966E+02  0.000000E+00  0.000000E+00
 38  20  0.185152E+02  0.000000E+00  0.000000E+00
 47  20  0.185605E+02  0.000000E+00  0.000000E+00
 48  20  0.185694E+02  0.000000E+00  0.000000E+00
 49  20  0.185700E+02  0.000000E+00  0.000000E+00
 50  20  0.185711E+02  0.000000E+00  0.000000E+00
 51  20  0.185736E+02  0.000000E+00  0.000000E+00
 52  20  0.185932E+02  0.000000E+00  0.000000E+00
 53  20  0.186139E+02  0.000000E+00  0.000000E+00
 54  20  0.186130E+02  0.000000E+00  0.000000E+00
 55  20  0.186219E+02  0.000000E+00  0.000000E+00
 56  20  0.186341E+02  0.000000E+00  0.000000E+00
 57  20  0.186268E+02  0.000000E+00  0.000000E+00
 58  20  0.185943E+02  0.000000E+00  0.000000E+00
 59  20  0.185518E+02  0.000000E+00  0.000000E+00
 60  20  0.185197E+02  0.000000E+00  0.000000E+00
 61  20  0.185070E+02  0.000000E+00  0.000000E+00
 62  20  0.185080E+02  0.000000E+00  0.000000E+00
  5  21  0.177612E+02  0.000000E+00  0.000000E+00
  6  21  0.178072E+02  0.000000E+00  0.000000E+00
  7  21  0.178501E+02  0.000000E+00  0.000000E+00
 10  21  0.181356E+02  0.000000E+00  0.000000E+00
 11  21  0.181384E+02  0.000000E+00  0.000000E+00
 12  21  0.181680E+02  0.000000E+00  0.000000E+00
 13  21  0.181882E+02  0.000000E+00  0.000000E+00
 14  21  0.182011E+02  0.000000E+00  0.000000E+00
 15  21  0.182068E+02  0.000000E+00  0.000000E+00
 16  21  0.182079E+02  0.000000E+00  0.000000E+00
 17  21  0.182122E+02  0.000000E+00  0.000000E+00
 18  21  0.182185E+02  0.000000E+00  0.000000E+00
 19  21  0.182228E+02  0.000000E+00  0.000000E+00
 20  21  0.182289E+02  0.000000E+00  0.000000E+00
 21  21  0.182381E+02  0.000000E+00  0.000000E+00
 22  21  0.182525E+02  0.000000E+00  0.000000E+00
 23  21  0.182645E+02  0.000000E+00  0.000000E+00
 24  21  0.182785E+02  0.000000E+00  0.000000E+00
 25  21  0.182970E+02  0.000000E+00  0.000000E+00
 26  21  0.183213E+02  0.000000E+00  0.000000E+00
 27  21  0.183534E+02  0.000000E+00  0.000000E+00
 28  21  0.183936E+02  0.000000E+00  0.000000E+00
 29  21  0.184570E+02  0.000000E+00  0.000000E+00
 30  21  0.185014E+02  0.000000E+00  0.000000E+00
 31  21  0.185180E+02  0.000000E+00  0.000000E+00
 32  21  0.185255E+02  0.000000E+00  0.000000E+00
 33  21  0.185258E+02  0.000000E+00  0.000000E+00
 34  21  0.185208E+02  0.000000E+00  0.000000E+00
 35  21  0.184967E+02  0.000000E+00  0.000000E+00
 36  21  0.184809E+02  0.000000E+00  0.000000E+00
 37  21  0.184839E+02  0.000000E+00  0.000000E+00
 38  21  0.184849E+02  0.000000E+00  0.000000E+00
 39  21  0.185140E+02  0.000000E+00  0.000000E+00
 47  21  0.185600E+02  0.000000E+00  0.000000E+00
 48  21  0.185642E+02  0.000000E+00  0.000000E+00
 49  21  0.185666E+02  0.000000E+00  0.000000E+00
 50  21  0.185742E+02  0.000000E+00  0.000000E+00
 51  21  0.185797E+02  0.000000E+00  0.000000E+00
 52  21  0.185919E+02  0.000000E+00  0.000000E+00
 53  21  0.186002E+02  0.000000E+00  0.000000E+00
 54  21  0.186112E+02  0.000000E+00  0.000000E+00
 55  21  0.186213E+02  0.000000E+00  0.000000E+00
 56  21  0.186175E+02  0.000000E+00  0.000000E+00
 57  21  0.185884E+02  0.000000E+00  0.000000E+00
 58  21  0.185737E+02  0.000000E+00  0.000000E+00
 59  21  0.185303E+02  0.000000E+00  0.000000E+00
 60  21  0.185076E+02  0.000000E+00  0.000000E+00
 61  21  0.184958E+02  0.000000E+00  0.000000E+00
 62  21  0.184864E+02  0.000000E+00  0.000000E+00
 63  21  0.184963E+02  0.000000E+00  0.000000E+00
 64  21  0.184894E+02  0.000000E+00  0.000000E+00
  5  22  0.178303E+02  0.000000E+00  0.000000E+00
  6  22  0.178788E+02  0.000000E+00  0.000000E+00
  7  22  0.179021E+02  0.000000E+00  0.000000E+00
  8  22  0.179988E+02  0.000000E+00  0.000000E+00
  9  22  0.180355E+02  0.000000E+00  0.000000E+00
 10  22  0.180749E+02  0.000000E+00  0.000000E+00
 11  22  0.181392E+02  0.000000E+00  0.000000E+00
 12  22  0.181520E+02  0.000000E+00  0.000000E+00
 13  22  0.181772E+02  0.000000E+00  0.000000E+00
 14  22  0.181865E+02  0.000000E+00  0.000000E+00
 15  22  0.181958E+02  0.000000E+00  0.000000E+00
 16  22  0.182030E+02  0.000000E+00  0.000000E+00
 17  22  0.182079E+02  0.000000E+00  0.000000E+00
 18  22  0.182126E+02  0.000000E+00  0.000000E+00
 19  22  0.182161E+02  0.000000E+00  0.000000E+00
 20  22  0.182213E+02  0.000000E+00  0.000000E+00
 21  22  0.182291E+02  0.000000E+00  0.000000E+00
 22  22  0.182483E+02  0.000000E+00  0.000000E+00
 23  22  0.182668E+02  0.000000E+00  0.000000E+00
 24  22  0.182770E+02  0.000000E+00  0.000000E+00
 25  22  0.182921E+02  0.000000E+00  0.000000E+00
 26  22  0.183148E+02  0.000000E+00  0.000000E+00
 27  22  0.183459E+02  0.000000E+00  0.000000E+00
 28  22  0.183839E+02  0.000000E+00  0.000000E+00
 29  22  0.184485E+02  0.000000E+00  0.000000E+00
 30  22  0.184887E+02  0.000000E+00  0.000000E+00
 31  22  0.185054E+02  0.000000E+00  0.000000E+00
 32  22  0.185131E+02  0.000000E+00  0.000000E+00
 33  22  0.185156E+02  0.000000E+00  0.000000E+00
 34  22  0.185107E+02  0.000000E+00  0.000000E+00
 35  22  0.184909E+02  0.000000E+00  0.000000E+00
 36  22  0.184770E+02  0.000000E+00  0.000000E+00
 37  22  0.184691E+02  0.000000E+00  0.000000E+00
 38  22  0.184756E+02  0.000000E+00  0.000000E+00
 39  22  0.184778E+02  0.000000E+00  0.000000E+00
 47  22  0.185678E+02  0.000000E+00  0.000000E+00
 48  22  0.185610E+02  0.000000E+00  0.000000E+00
 49  22  0.185621E+02  0.000000E+00  0.000000E+00
 50  22  0.185658E+02  0.000000E+00  0.000000E+00
 51  22  0.185723E+02  0.000000E+00  0.000000E+00
 52  22  0.185792E+02  0.000000E+00  0.000000E+00
 53  22  0.185870E+02  0.000000E+00  0.000000E+00
 54  22  0.185969E+02  0.000000E+00  0.000000E+00
 55  22  0.186074E+02  0.000000E+00  0.000000E+00
 56  22  0.185944E+02  0.000000E+00  0.000000E+00
 57  22  0.185623E+02  0.000000E+00  0.000000E+00
 58  22  0.185270E+02  0.000000E+00  0.000000E+00
 59  22  0.185058E+02  0.000000E+00  0.000000E+00
 60  22  0.184897E+02  0.000000E+00  0.000000E+00
 61  22  0.184873E+02  0.000000E+00  0.000000E+00
 62  22  0.184790E+02  0.000000E+00  0.000000E+00
 63  22  0.184711E+02  0.000000E+00  0.000000E+00
 64  22  0.184653E+02  0.000000E+00  0.000000E+00
 65  22  0.184859E+02  0.000000E+00  0.000000E+00
 66  22  0.184790E+02  0.000000E+00  0.000000E+00
  5  23  0.178845E+02  0.000000E+00  0.000000E+00
  6  23  0.179268E+02  0.000000E+00  0.000000E+00
  7  23  0.179620E+02  0.000000E+00  0.000000E+00
  8  23  0.180272E+02  0.000000E+00  0.000000E+00
  9  23  0.180888E+02  0.000000E+00  0.000000E+00
 10  23  0.181134E+02  0.000000E+00  0.000000E+00
 11  23  0.181404E+02  0.000000E+00  0.000000E+00
 12  23  0.181681E+02  0.000000E+00  0.000000E+00
 13  23  0.181784E+02  0.000000E+00  0.000000E+00
 14  23  0.181864E+02  0.000000E+00  0.000000E+00
 15  23  0.181934E+02  0.000000E+00  0.000000E+00
 16  23  0.182070E+02  0.000000E+00  0.000000E+00
 17  23  0.182099E+02  0.000000E+00  0.000000E+00
 18  23  0.182130E+02  0.000000E+00  0.000000E+00
 19  23  0.182100E+02  0.000000E+00  0.000000E+00
 20  23  0.182188E+02  0.000000E+00  0.000000E+00
 21  23  0.182238E+02  0.000000E+00  0.000000E+00
 22  23  0.182346E+02  0.000000E+00  0.000000E+00
 23  23  0.182511E+02  0.000000E+00  0.000000E+00
 24  23  0.182667E+02  0.000000E+00  0.000000E+00
 25  23  0.182841E+02  0.000000E+00  0.000000E+00
 26  23  0.183085E+02  0.000000E+00  0.000000E+00
 27  23  0.183412E+02  0.000000E+00  0.000000E+00
 28  23  0.183810E+02  0.000000E+00  0.000000E+00
 29  23  0.184241E+02  0.000000E+00  0.000000E+00
 30  23  0.184653E+02  0.000000E+00  0.000000E+00
 31  23  0.184867E+02  0.000000E+00  0.000000E+00
 32  23  0.184978E+02  0.000000E+00  0.000000E+00
 33  23  0.185027E+02  0.000000E+00  0.000000E+00
 34  23  0.184987E+02  0.000000E+00  0.000000E+00
 35  23  0.184857E+02  0.000000E+00  0.000000E+00
 36  23  0.184749E+02  0.000000E+00  0.000000E+00
 37  23  0.184661E+02  0.000000E+00  0.000000E+00
 38  23  0.184616E+02  0.000000E+00  0.000000E+00
 39  23  0.184695E+02  0.000000E+00  0.000000E+00
 40  23  0.184784E+02  0.000000E+00  0.000000E+00
 47  23  0.185650E+02  0.000000E+00  0.000000E+00
 48  23  0.185567E+02  0.000000E+00  0.000000E+00
 49  23  0.185573E+02  0.000000E+00  0.000000E+00
 50  23  0.185579E+02  0.000000E+00  0.000000E+00
 51  23  0.185612E+02  0.000000E+00  0.000000E+00
 52  23  0.185664E+02  0.000000E+00  0.000000E+00
 53  23  0.185730E+02  0.000000E+00  0.000000E+00
 54  23  0.185815E+02  0.000000E+00  0.000000E+00
 55  23  0.185942E+02  0.000000E+00  0.000000E+00
 56  23  0.185679E+02  0.000000E+00  0.000000E+00
 57  23  0.185311E+02  0.000000E+00  0.000000E+00
 58  23  0.185047E+02  0.000000E+00  0.000000E+00
 59  23  0.184916E+02  0.000000E+00  0.000000E+00
 60  23  0.184797E+02  0.000000E+00  0.000000E+00
 61  23  0.184709E+02  0.000000E+00  0.000000E+00
 62  23  0.184645E+02  0.000000E+00  0.000000E+00
 63  23  0.184597E+02  0.000000E+00  0.000000E+00
 64  23  0.184635E+02  0.000000E+00  0.000000E+00
 65  23  0.184580E+02  0.000000E+00  0.000000E+00
 66  23  0.184845E+02  0.000000E+00  0.000000E+00
 67  23  0.184805E+02  0.000000E+00  0.000000E+00
  5  24  0.178608E+02  0.000000E+00  0.000000E+00
  6  24  0.179605E+02  0.000000E+00  0.000000E+00
  7  24  0.180036E+02  0.000000E+00  0.000000E+00
  8  24  0.180673E+02  0.000000E+00  0.000000E+00
  9  24  0.180907E+02  0.000000E+00  0.000000E+00
 10  24  0.181123E+02  0.000000E+00  0.000000E+00
 11  24  0.181376E+02  0.000000E+00  0.000000E+00
 12  24  0.181583E+02  0.000000E+00  0.000000E+00
 13  24  0.181831E+02  0.000000E+00  0.000000E+00
 14  24  0.182010E+02  0.000000E+00  0.000000E+00
 15  24  0.182069E+02  0.000000E+00  0.000000E+00
 16  24  0.182111E+02  0.000000E+00  0.000000E+00
 17  24  0.182109E+02  0.000000E+00  0.000000E+00
 18  24  0.182121E+02  0.000000E+00  0.000000E+00
 19  24  0.182095E+02  0.000000E+00  0.000000E+00
 20  24  0.182111E+02  0.000000E+00  0.000000E+00
 21  24  0.182157E+02  0.000000E+00  0.000000E+00
 22  24  0.182262E+02  0.000000E+00  0.000000E+00
 23  24  0.182450E+02  0.000000E+00  0.000000E+00
 24  24  0.182622E+02  0.000000E+00  0.000000E+00
 25  24  0.182783E+02  0.000000E+00  0.000000E+00
 26  24  0.183002E+02  0.000000E+00  0.000000E+00
 27  24  0.183306E+02  0.000000E+00  0.000000E+00
 28  24  0.183681E+02  0.000000E+00  0.000000E+00
 29  24  0.184084E+02  0.000000E+00  0.000000E+00
 30  24  0.184449E+02  0.000000E+00  0.000000E+00
 31  24  0.184675E+02  0.000000E+00  0.000000E+00
 32  24  0.184811E+02  0.000000E+00  0.000000E+00
 33  24  0.184890E+02  0.000000E+00  0.000000E+00
 34  24  0.184884E+02  0.000000E+00  0.000000E+00
 35  24  0.184798E+02  0.000000E+00  0.000000E+00
 36  24  0.184725E+02  0.000000E+00  0.000000E+00
 37  24  0.184657E+02  0.000000E+00  0.000000E+00
 38  24  0.184391E+02  0.000000E+00  0.000000E+00
 39  24  0.184358E+02  0.000000E+00  0.000000E+00
 40  24  0.184559E+02  0.000000E+00  0.000000E+00
 41  24  0.185160E+02  0.000000E+00  0.000000E+00
 47  24  0.185768E+02  0.000000E+00  0.000000E+00
 48  24  0.185522E+02  0.000000E+00  0.000000E+00
 49  24  0.185515E+02  0.000000E+00  0.000000E+00
 50  24  0.185510E+02  0.000000E+00  0.000000E+00
 51  24  0.185518E+02  0.000000E+00  0.000000E+00
 52  24  0.185547E+02  0.000000E+00  0.000000E+00
 53  24  0.185585E+02  0.000000E+00  0.000000E+00
 54  24  0.185632E+02  0.000000E+00  0.000000E+00
 55  24  0.185584E+02  0.000000E+00  0.000000E+00
 56  24  0.185355E+02  0.000000E+00  0.000000E+00
 57  24  0.185046E+02  0.000000E+00  0.000000E+00
 58  24  0.184877E+02  0.000000E+00  0.000000E+00
 59  24  0.184754E+02  0.000000E+00  0.000000E+00
 60  24  0.184715E+02  0.000000E+00  0.000000E+00
 61  24  0.184704E+02  0.000000E+00  0.000000E+00
 62  24  0.184638E+02  0.000000E+00  0.000000E+00
 63  24  0.184574E+02  0.000000E+00  0.000000E+00
 64  24  0.184512E+02  0.000000E+00  0.000000E+00
 65  24  0.184556E+02  0.000000E+00  0.000000E+00
 66  24  0.184490E+02  0.000000E+00  0.000000E+00
 67  24  0.184447E+02  0.000000E+00  0.000000E+00
 68  24  0.184791E+02  0.000000E+00  0.000000E+00
  5  25  0.179013E+02  0.000000E+00  0.000000E+00
  6  25  0.179636E+02  0.000000E+00  0.000000E+00
  7  25  0.180173E+02  0.000000E+00  0.000000E+00
  8  25  0.180628E+02  0.000000E+00  0.000000E+00
  9  25  0.180989E+02  0.000000E+00  0.000000E+00
 10  25  0.181255E+02  0.000000E+00  0.000000E+00
 11  25  0.181658E+02  0.000000E+00  0.000000E+00
 12  25  0.182004E+02  0.000000E+00  0.000000E+00
 13  25  0.182237E+02  0.000000E+00  0.000000E+00
 14  25  0.182502E+02  0.000000E+00  0.000000E+00
 15  25  0.182476E+02  0.000000E+00  0.000000E+00
 16  25  0.182363E+02  0.000000E+00  0.000000E+00
 17  25  0.182363E+02  0.000000E+00  0.000000E+00
 18  25  0.181968E+02  0.000000E+00  0.000000E+00
 19  25  0.182322E+02  0.000000E+00  0.000000E+00
 20  25  0.182027E+02  0.000000E+00  0.000000E+00
 21  25  0.181989E+02  0.000000E+00  0.000000E+00
 22  25  0.182100E+02  0.000000E+00  0.000000E+00
 23  25  0.182351E+02  0.000000E+00  0.000000E+00
 24  25  0.182580E+02  0.000000E+00  0.000000E+00
 25  25  0.182769E+02  0.000000E+00  0.000000E+00
 26  25  0.182918E+02  0.000000E+00  0.000000E+00
 27  25  0.183167E+02  0.000000E+00  0.000000E+00
 28  25  0.183498E+02  0.000000E+00  0.000000E+00
 29  25  0.183869E+02  0.000000E+00  0.000000E+00
 30  25  0.184216E+02  0.000000E+00  0.000000E+00
 31  25  0.184464E+02  0.000000E+00  0.000000E+00
 32  25  0.184627E+02  0.000000E+00  0.000000E+00
 33  25  0.184759E+02  0.000000E+00  0.000000E+00
 34  25  0.184771E+02  0.000000E+00  0.000000E+00
 35  25  0.184718E+02  0.000000E+00  0.000000E+00
 36  25  0.184669E+02  0.000000E+00  0.000000E+00
 37  25  0.184607E+02  0.000000E+00  0.000000E+00
 38  25  0.184341E+02  0.000000E+00  0.000000E+00
 39  25  0.184299E+02  0.000000E+00  0.000000E+00
 40  25  0.184267E+02  0.000000E+00  0.000000E+00
 41  25  0.184494E+02  0.000000E+00  0.000000E+00
 48  25  0.185575E+02  0.000000E+00  0.000000E+00
 49  25  0.185433E+02  0.000000E+00  0.000000E+00
 50  25  0.185435E+02  0.000000E+00  0.000000E+00
 51  25  0.185379E+02  0.000000E+00  0.000000E+00
 52  25  0.185376E+02  0.000000E+00  0.000000E+00
 53  25  0.185442E+02  0.000000E+00  0.000000E+00
 54  25  0.185428E+02  0.000000E+00  0.000000E+00
 55  25  0.185283E+02  0.000000E+00  0.000000E+00
 56  25  0.185121E+02  0.000000E+00  0.000000E+00
 57  25  0.184854E+02  0.000000E+00  0.000000E+00
 58  25  0.184709E+02  0.000000E+00  0.000000E+00
 59  25  0.184720E+02  0.000000E+00  0.000000E+00
 60  25  0.184682E+02  0.000000E+00  0.000000E+00
 61  25  0.184660E+02  0.000000E+00  0.000000E+00
 62  25  0.184660E+02  0.000000E+00  0.000000E+00
 63  25  0.184584E+02  0.000000E+00  0.000000E+00
 64  25  0.184502E+02  0.000000E+00  0.000000E+00
 65  25  0.184431E+02  0.000000E+00  0.000000E+00
 66  25  0.184492E+02  0.000000E+00  0.000000E+00
 67  25  0.184471E+02  0.000000E+00  0.000000E+00
 68  25  0.184789E+02  0.000000E+00  0.000000E+00
 69  25  0.184755E+02  0.000000E+00  0.000000E+00
  5  26  0.179345E+02  0.000000E+00  0.000000E+00
  6  26  0.180183E+02  0.000000E+00  0.000000E+00
  7  26  0.180677E+02  0.000000E+00  0.000000E+00
  8  26  0.180980E+02  0.000000E+00  0.000000E+00
  9  26  0.181350E+02  0.000000E+00  0.000000E+00
 10  26  0.181691E+02  0.000000E+00  0.000000E+00
 11  26  0.182028E+02  0.000000E+00  0.000000E+00
 12  26  0.182243E+02  0.000000E+00  0.000000E+00
 13  26  0.182395E+02  0.000000E+00  0.000000E+00
 15  26  0.182745E+02  0.000000E+00  0.000000E+00
 16  26  0.182500E+02  0.000000E+00  0.000000E+00
 17  26  0.182811E+02  0.000000E+00  0.000000E+00
 19  26  0.182247E+02  0.000000E+00  0.000000E+00
 20  26  0.181960E+02  0.000000E+00  0.000000E+00
 21  26  0.181803E+02  0.000000E+00  0.000000E+00
 22  26  0.181938E+02  0.000000E+00  0.000000E+00
 23  26  0.182222E+02  0.000000E+00  0.000000E+00
 24  26  0.182552E+02  0.000000E+00  0.000000E+00
 25  26  0.182617E+02  0.000000E+00  0.000000E+00
 26  26  0.182755E+02  0.000000E+00  0.000000E+00
 27  26  0.182982E+02  0.000000E+00  0.000000E+00
 28  26  0.183283E+02  0.000000E+00  0.000000E+00
 29  26  0.183620E+02  0.000000E+00  0.000000E+00
 30  26  0.183946E+02  0.000000E+00  0.000000E+00
 31  26  0.184205E+02  0.000000E+00  0.000000E+00
 32  26  0.184392E+02  0.000000E+00  0.000000E+00
 33  26  0.184641E+02  0.000000E+00  0.000000E+00
 34  26  0.184631E+02  0.000000E+00  0.000000E+00
 35  26  0.184607E+02  0.000000E+00  0.000000E+00
 36  26  0.184566E+02  0.000000E+00  0.000000E+00
 37  26  0.184515E+02  0.000000E+00  0.000000E+00
 38  26  0.184459E+02  0.000000E+00  0.000000E+00
 39  26  0.184247E+02  0.000000E+00  0.000000E+00
 40  26  0.184239E+02  0.000000E+00  0.000000E+00
 41  26  0.184213E+02  0.000000E+00  0.000000E+00
 42  26  0.184738E+02  0.000000E+00  0.000000E+00
 43  26  0.184948E+02  0.000000E+00  0.000000E+00
 44  26  0.184991E+02  0.000000E+00  0.000000E+00
 49  26  0.185356E+02  0.000000E+00  0.000000E+00
 50  26  0.185363E+02  0.000000E+00  0.000000E+00
 51  26  0.185275E+02  0.000000E+00  0.000000E+00
 52  26  0.185264E+02  0.000000E+00  0.000000E+00
 53  26  0.185256E+02  0.000000E+00  0.000000E+00
 54  26  0.185207E+02  0.000000E+00  0.000000E+00
 55  26  0.185117E+02  0.000000E+00  0.000000E+00
 56  26  0.184917E+02  0.000000E+00  0.000000E+00
 57  26  0.184731E+02  0.000000E+00  0.000000E+00
 58  26  0.184625E+02  0.000000E+00  0.000000E+00
 59  26  0.184591E+02  0.000000E+00  0.000000E+00
 60  26  0.184590E+02  0.000000E+00  0.000000E+00
 61  26  0.184666E+02  0.000000E+00  0.000000E+00
 62  26  0.184702E+02  0.000000E+00  0.000000E+00
 63  26  0.184618E+02  0.000000E+00  0.000000E+00
 64  26  0.184520E+02  0.000000E+00  0.000000E+00
 65  26  0.184425E+02  0.000000E+00  0.000000E+00
 66  26  0.184352E+02  0.000000E+00  0.000000E+00
 67  26  0.184424E+02  0.000000E+00  0.000000E+00
 68  26  0.184337E+02  0.000000E+00  0.000000E+00
 69  26  0.184716E+02  0.000000E+00  0.000000E+00
 70  26  0.184695E+02  0.000000E+00  0.000000E+00
  5  27  0.179114E+02  0.000000E+00  0.000000E+00
  6  27  0.179673E+02  0.000000E+00  0.000000E+00
  7  27  0.180322E+02  0.000000E+00  0.000000E+00
  8  27  0.180936E+02  0.000000E+00  0.000000E+00
  9  27  0.181413E+02  0.000000E+00  0.000000E+00
 10  27  0.181908E+02  0.000000E+00  0.000000E+00
 11  27  0.182153E+02  0.000000E+00  0.000000E+00
 12  27  0.182242E+02  0.000000E+00  0.000000E+00
 19  27  0.182401E+02  0.000000E+00  0.000000E+00
 20  27  0.181714E+02  0.000000E+00  0.000000E+00
 21  27  0.181605E+02  0.000000E+00  0.000000E+00
 22  27  0.181696E+02  0.000000E+00  0.000000E+00
 23  27  0.181842E+02  0.000000E+00  0.000000E+00
 24  27  0.182177E+02  0.000000E+00  0.000000E+00
 25  27  0.182429E+02  0.000000E+00  0.000000E+00
 26  27  0.182566E+02  0.000000E+00  0.000000E+00
 27  27  0.182783E+02  0.000000E+00  0.000000E+00
 28  27  0.183062E+02  0.000000E+00  0.000000E+00
 29  27  0.183369E+02  0.000000E+00  0.000000E+00
 30  27  0.183671E+02  0.000000E+00  0.000000E+00
 31  27  0.183935E+02  0.000000E+00  0.000000E+00
 32  27  0.184204E+02  0.000000E+00  0.000000E+00
 33  27  0.184430E+02  0.000000E+00  0.000000E+00
 34  27  0.184446E+02  0.000000E+00  0.000000E+00
 35  27  0.184432E+02  0.000000E+00  0.000000E+00
 36  27  0.184398E+02  0.000000E+00  0.000000E+00
 37  27  0.184356E+02  0.000000E+00  0.000000E+00
 38  27  0.184323E+02  0.000000E+00  0.000000E+00
 39  27  0.184192E+02  0.000000E+00  0.000000E+00
 40  27  0.184148E+02  0.000000E+00  0.000000E+00
 41  27  0.184057E+02  0.000000E+00  0.000000E+00
 42  27  0.184009E+02  0.000000E+00  0.000000E+00
 43  27  0.184542E+02  0.000000E+00  0.000000E+00
 44  27  0.184918E+02  0.000000E+00  0.000000E+00
 50  27  0.185296E+02  0.000000E+00  0.000000E+00
 51  27  0.185183E+02  0.000000E+00  0.000000E+00
 52  27  0.185091E+02  0.000000E+00  0.000000E+00
 53  27  0.185138E+02  0.000000E+00  0.000000E+00
 54  27  0.185076E+02  0.000000E+00  0.000000E+00
 55  27  0.184934E+02  0.000000E+00  0.000000E+00
 56  27  0.184804E+02  0.000000E+00  0.000000E+00
 57  27  0.184694E+02  0.000000E+00  0.000000E+00
 58  27  0.184591E+02  0.000000E+00  0.000000E+00
 59  27  0.184576E+02  0.000000E+00  0.000000E+00
 60  27  0.184577E+02  0.000000E+00  0.000000E+00
 61  27  0.184693E+02  0.000000E+00  0.000000E+00
 62  27  0.184661E+02  0.000000E+00  0.000000E+00
 63  27  0.184669E+02  0.000000E+00  0.000000E+00
 64  27  0.184555E+02  0.000000E+00  0.000000E+00
 65  27  0.184443E+02  0.000000E+00  0.000000E+00
 66  27  0.184358E+02  0.000000E+00  0.000000E+00
 67  27  0.184396E+02  0.000000E+00  0.000000E+00
 68  27  0.184302E+02  0.000000E+00  0.000000E+00
 69  27  0.184216E+02  0.000000E+00  0.000000E+00
 70  27  0.184654E+02  0.000000E+00  0.000000E+00
  5  28  0.179088E+02  0.000000E+00  0.000000E+00
  6  28  0.179638E+02  0.000000E+00  0.000000E+00
  7  28  0.179981E+02  0.000000E+00  0.000000E+00
  8  28  0.180448E+02  0.000000E+00  0.000000E+00
  9  28  0.180725E+02  0.000000E+00  0.000000E+00
 19  28  0.182224E+02  0.000000E+00  0.000000E+00
 20  28  0.181517E+02  0.000000E+00  0.000000E+00
 21  28  0.181447E+02  0.000000E+00  0.000000E+00
 22  28  0.181499E+02  0.000000E+00  0.000000E+00
 23  28  0.181612E+02  0.000000E+00  0.000000E+00
 24  28  0.181777E+02  0.000000E+00  0.000000E+00
 25  28  0.182063E+02  0.000000E+00  0.000000E+00
 26  28  0.182283E+02  0.000000E+00  0.000000E+00
 27  28  0.182531E+02  0.000000E+00  0.000000E+00
 28  28  0.182807E+02  0.000000E+00  0.000000E+00
 29  28  0.183091E+02  0.000000E+00  0.000000E+00
 30  28  0.183363E+02  0.000000E+00  0.000000E+00
 31  28  0.183583E+02  0.000000E+00  0.000000E+00
 32  28  0.184033E+02  0.000000E+00  0.000000E+00
 33  28  0.184139E+02  0.000000E+00  0.000000E+00
 34  28  0.184180E+02  0.000000E+00  0.000000E+00
 35  28  0.184182E+02  0.000000E+00  0.000000E+00
 36  28  0.184165E+02  0.000000E+00  0.000000E+00
 37  28  0.184148E+02  0.000000E+00  0.000000E+00
 38  28  0.184149E+02  0.000000E+00  0.000000E+00
 39  28  0.184150E+02  0.000000E+00  0.000000E+00
 40  28  0.184130E+02  0.000000E+00  0.000000E+00
 41  28  0.184082E+02  0.000000E+00  0.000000E+00
 42  28  0.184058E+02  0.000000E+00  0.000000E+00
 43  28  0.184054E+02  0.000000E+00  0.000000E+00
 44  28  0.184164E+02  0.000000E+00  0.000000E+00
 45  28  0.184479E+02  0.000000E+00  0.000000E+00
 51  28  0.185120E+02  0.000000E+00  0.000000E+00
 52  28  0.185033E+02  0.000000E+00  0.000000E+00
 53  28  0.184993E+02  0.000000E+00  0.000000E+00
 54  28  0.184953E+02  0.000000E+00  0.000000E+00
 55  28  0.184854E+02  0.000000E+00  0.000000E+00
 56  28  0.184732E+02  0.000000E+00  0.000000E+00
 57  28  0.184615E+02  0.000000E+00  0.000000E+00
 58  28  0.184589E+02  0.000000E+00  0.000000E+00
 59  28  0.184578E+02  0.000000E+00  0.000000E+00
 60  28  0.184569E+02  0.000000E+00  0.000000E+00
 61  28  0.184736E+02  0.000000E+00  0.000000E+00
 62  28  0.184687E+02  0.000000E+00  0.000000E+00
 63  28  0.184725E+02  0.000000E+00  0.000000E+00
 64  28  0.184597E+02  0.000000E+00  0.000000E+00
 65  28  0.184462E+02  0.000000E+00  0.000000E+00
 66  28  0.184339E+02  0.000000E+00  0.000000E+00
 67  28  0.184238E+02  0.000000E+00  0.000000E+00
 68  28  0.184279E+02  0.000000E+00  0.000000E+00
 69  28  0.184184E+02  0.000000E+00  0.000000E+00
 70  28  0.184110E+02  0.000000E+00  0.000000E+00
 71  28  0.184566E+02  0.000000E+00  0.000000E+00
  5  29  0.178971E+02  0.000000E+00  0.000000E+00
  6  29  0.179639E+02  0.000000E+00  0.000000E+00
  7  29  0.180137E+02  0.000000E+00  0.000000E+00
  8  29  0.180550E+02  0.000000E+00  0.000000E+00
  9  29  0.180627E+02  0.000000E+00  0.000000E+00
 10  29  0.180872E+02  0.000000E+00  0.000000E+00
 11  29  0.181006E+02  0.000000E+00  0.000000E+00
 12  29  0.181101E+02  0.000000E+00  0.000000E+00
 13  29  0.181179E+02  0.000000E+00  0.000000E+00
 14  29  0.181253E+02  0.000000E+00  0.000000E+00
 20  29  0.181405E+02  0.000000E+00  0.000000E+00
 21  29  0.181336E+02  0.000000E+00  0.000000E+00
 22  29  0.181351E+02  0.000000E+00  0.000000E+00
 23  29  0.181440E+02  0.000000E+00  0.000000E+00
 24  29  0.181602E+02  0.000000E+00  0.000000E+00
 25  29  0.181828E+02  0.000000E+00  0.000000E+00
 26  29  0.182052E+02  0.000000E+00  0.000000E+00
 27  29  0.182291E+02  0.000000E+00  0.000000E+00
 28  29  0.182543E+02  0.000000E+00  0.000000E+00
 29  29  0.182795E+02  0.000000E+00  0.000000E+00
 30  29  0.183047E+02  0.000000E+00  0.000000E+00
 31  29  0.183251E+02  0.000000E+00  0.000000E+00
 32  29  0.183646E+02  0.000000E+00  0.000000E+00
 33  29  0.183774E+02  0.000000E+00  0.000000E+00
 34  29  0.183843E+02  0.000000E+00  0.000000E+00
 35  29  0.183872E+02  0.000000E+00  0.000000E+00
 36  29  0.183886E+02  0.000000E+00  0.000000E+00
 37  29  0.183907E+02  0.000000E+00  0.000000E+00
 38  29  0.183963E+02  0.000000E+00  0.000000E+00
 39  29  0.184117E+02  0.000000E+00  0.000000E+00
 40  29  0.184123E+02  0.000000E+00  0.000000E+00
 41  29  0.184091E+02  0.000000E+00  0.000000E+00
 42  29  0.184120E+02  0.000000E+00  0.000000E+00
 43  29  0.184120E+02  0.000000E+00  0.000000E+00
 44  29  0.184267E+02  0.000000E+00  0.000000E+00
 45  29  0.184338E+02  0.000000E+00  0.000000E+00
 46  29  0.184925E+02  0.000000E+00  0.000000E+00
 47  29  0.185050E+02  0.000000E+00  0.000000E+00
 51  29  0.185419E+02  0.000000E+00  0.000000E+00
 52  29  0.185021E+02  0.000000E+00  0.000000E+00
 53  29  0.184905E+02  0.000000E+00  0.000000E+00
 54  29  0.184908E+02  0.000000E+00  0.000000E+00
 55  29  0.184738E+02  0.000000E+00  0.000000E+00
 56  29  0.184665E+02  0.000000E+00  0.000000E+00
 57  29  0.184638E+02  0.000000E+00  0.000000E+00
 58  29  0.184470E+02  0.000000E+00  0.000000E+00
 59  29  0.184142E+02  0.000000E+00  0.000000E+00
 60  29  0.184562E+02  0.000000E+00  0.000000E+00
 61  29  0.184782E+02  0.000000E+00  0.000000E+00
 62  29  0.184870E+02  0.000000E+00  0.000000E+00
 63  29  0.184766E+02  0.000000E+00  0.000000E+00
 64  29  0.184635E+02  0.000000E+00  0.000000E+00
 65  29  0.184487E+02  0.000000E+00  0.000000E+00
 66  29  0.184346E+02  0.000000E+00  0.000000E+00
 67  29  0.184237E+02  0.000000E+00  0.000000E+00
 68  29  0.184259E+02  0.000000E+00  0.000000E+00
 69  29  0.184161E+02  0.000000E+00  0.000000E+00
 70  29  0.184088E+02  0.000000E+00  0.000000E+00
 71  29  0.184035E+02  0.000000E+00  0.000000E+00
 72  29  0.184551E+02  0.000000E+00  0.000000E+00
  5  30  0.179538E+02  0.000000E+00  0.000000E+00
  6  30  0.180077E+02  0.000000E+00  0.000000E+00
  7  30  0.180625E+02  0.000000E+00  0.000000E+00
  8  30  0.180834E+02  0.000000E+00  0.000000E+00
  9  30  0.180923E+02  0.000000E+00  0.000000E+00
 10  30  0.181013E+02  0.000000E+00  0.000000E+00
 11  30  0.181069E+02  0.000000E+00  0.000000E+00
 12  30  0.181185E+02  0.000000E+00  0.000000E+00
 13  30  0.181204E+02  0.000000E+00  0.000000E+00
 14  30  0.181233E+02  0.000000E+00  0.000000E+00
 15  30  0.181266E+02  0.000000E+00  0.000000E+00
 16  30  0.181359E+02  0.000000E+00  0.000000E+00
 17  30  0.181433E+02  0.000000E+00  0.000000E+00
 19  30  0.181325E+02  0.000000E+00  0.000000E+00
 20  30  0.181302E+02  0.000000E+00  0.000000E+00
 21  30  0.181227E+02  0.000000E+00  0.000000E+00
 22  30  0.181222E+02  0.000000E+00  0.000000E+00
 23  30  0.181293E+02  0.000000E+00  0.000000E+00
 24  30  0.181443E+02  0.000000E+00  0.000000E+00
 25  30  0.181658E+02  0.000000E+00  0.000000E+00
 26  30  0.181874E+02  0.000000E+00  0.000000E+00
 27  30  0.182080E+02  0.000000E+00  0.000000E+00
 28  30  0.182258E+02  0.000000E+00  0.000000E+00
 29  30  0.182386E+02  0.000000E+00  0.000000E+00
 30  30  0.182706E+02  0.000000E+00  0.000000E+00
 31  30  0.182888E+02  0.000000E+00  0.000000E+00
 32  30  0.182997E+02  0.000000E+00  0.000000E+00
 33  30  0.183359E+02  0.000000E+00  0.000000E+00
 34  30  0.183470E+02  0.000000E+00  0.000000E+00
 35  30  0.183540E+02  0.000000E+00  0.000000E+00
 36  30  0.183593E+02  0.000000E+00  0.000000E+00
 37  30  0.183656E+02  0.000000E+00  0.000000E+00
 38  30  0.183764E+02  0.000000E+00  0.000000E+00
 39  30  0.183882E+02  0.000000E+00  0.000000E+00
 40  30  0.183986E+02  0.000000E+00  0.000000E+00
 41  30  0.184074E+02  0.000000E+00  0.000000E+00
 42  30  0.184021E+02  0.000000E+00  0.000000E+00
 43  30  0.184017E+02  0.000000E+00  0.000000E+00
 44  30  0.184140E+02  0.000000E+00  0.000000E+00
 45  30  0.184184E+02  0.000000E+00  0.000000E+00
 46  30  0.184617E+02  0.000000E+00  0.000000E+00
 47  30  0.184946E+02  0.000000E+00  0.000000E+00
 48  30  0.185045E+02  0.000000E+00  0.000000E+00
 52  30  0.185114E+02  0.000000E+00  0.000000E+00
 53  30  0.184841E+02  0.000000E+00  0.000000E+00
 54  30  0.184767E+02  0.000000E+00  0.000000E+00
 55  30  0.184580E+02  0.000000E+00  0.000000E+00
 56  30  0.184696E+02  0.000000E+00  0.000000E+00
 57  30  0.184229E+02  0.000000E+00  0.000000E+00
 58  30  0.183923E+02  0.000000E+00  0.000000E+00
 59  30  0.184147E+02  0.000000E+00  0.000000E+00
 60  30  0.184543E+02  0.000000E+00  0.000000E+00
 61  30  0.184803E+02  0.000000E+00  0.000000E+00
 62  30  0.184893E+02  0.000000E+00  0.000000E+00
 63  30  0.184793E+02  0.000000E+00  0.000000E+00
 64  30  0.184665E+02  0.000000E+00  0.000000E+00
 65  30  0.184512E+02  0.000000E+00  0.000000E+00
 66  30  0.184352E+02  0.000000E+00  0.000000E+00
 67  30  0.184208E+02  0.000000E+00  0.000000E+00
 68  30  0.184084E+02  0.000000E+00  0.000000E+00
 69  30  0.184147E+02  0.000000E+00  0.000000E+00
 70  30  0.184075E+02  0.000000E+00  0.000000E+00
 71  30  0.184031E+02  0.000000E+00  0.000000E+00
 72  30  0.183994E+02  0.000000E+00  0.000000E+00
  5  31  0.180014E+02  0.000000E+00  0.000000E+00
  6  31  0.180396E+02  0.000000E+00  0.000000E+00
  7  31  0.180705E+02  0.000000E+00  0.000000E+00
  8  31  0.180929E+02  0.000000E+00  0.000000E+00
  9  31  0.181088E+02  0.000000E+00  0.000000E+00
 10  31  0.181174E+02  0.000000E+00  0.000000E+00
 11  31  0.181210E+02  0.000000E+00  0.000000E+00
 12  31  0.181230E+02  0.000000E+00  0.000000E+00
 13  31  0.181216E+02  0.000000E+00  0.000000E+00
 14  31  0.181133E+02  0.000000E+00  0.000000E+00
 15  31  0.181137E+02  0.000000E+00  0.000000E+00
 16  31  0.181139E+02  0.000000E+00  0.000000E+00
 17  31  0.181155E+02  0.000000E+00  0.000000E+00
 18  31  0.181010E+02  0.000000E+00  0.000000E+00
 19  31  0.181002E+02  0.000000E+00  0.000000E+00
 20  31  0.181012E+02  0.000000E+00  0.000000E+00
 21  31  0.181048E+02  0.000000E+00  0.000000E+00
 22  31  0.181065E+02  0.000000E+00  0.000000E+00
 23  31  0.181138E+02  0.000000E+00  0.000000E+00
 24  31  0.181286E+02  0.000000E+00  0.000000E+00
 25  31  0.181556E+02  0.000000E+00  0.000000E+00
 26  31  0.181784E+02  0.000000E+00  0.000000E+00
 27  31  0.181966E+02  0.000000E+00  0.000000E+00
 28  31  0.182258E+02  0.000000E+00  0.000000E+00
 29  31  0.182312E+02  0.000000E+00  0.000000E+00
 30  31  0.182433E+02  0.000000E+00  0.000000E+00
 31  31  0.182570E+02  0.000000E+00  0.000000E+00
 32  31  0.182686E+02  0.000000E+00  0.000000E+00
 33  31  0.183017E+02  0.000000E+00  0.000000E+00
 34  31  0.183136E+02  0.000000E+00  0.000000E+00
 35  31  0.183233E+02  0.000000E+00  0.000000E+00
 36  31  0.183327E+02  0.000000E+00  0.000000E+00
 37  31  0.183448E+02  0.000000E+00  0.000000E+00
 38  31  0.183663E+02  0.000000E+00  0.000000E+00
 39  31  0.183817E+02  0.000000E+00  0.000000E+00
 40  31  0.183942E+02  0.000000E+00  0.000000E+00
 41  31  0.184065E+02  0.000000E+00  0.000000E+00
 42  31  0.184081E+02  0.000000E+00  0.000000E+00
 43  31  0.184089E+02  0.000000E+00  0.000000E+00
 44  31  0.184142E+02  0.000000E+00  0.000000E+00
 45  31  0.184204E+02  0.000000E+00  0.000000E+00
 46  31  0.184250E+02  0.000000E+00  0.000000E+00
 47  31  0.184308E+02  0.000000E+00  0.000000E+00
 48  31  0.184371E+02  0.000000E+00  0.000000E+00
 49  31  0.184440E+02  0.000000E+00  0.000000E+00
 53  31  0.184701E+02  0.000000E+00  0.000000E+00
 54  31  0.184581E+02  0.000000E+00  0.000000E+00
 55  31  0.184387E+02  0.000000E+00  0.000000E+00
 56  31  0.184258E+02  0.000000E+00  0.000000E+00
 57  31  0.183940E+02  0.000000E+00  0.000000E+00
 58  31  0.183911E+02  0.000000E+00  0.000000E+00
 59  31  0.184346E+02  0.000000E+00  0.000000E+00
 60  31  0.184822E+02  0.000000E+00  0.000000E+00
 61  31  0.184794E+02  0.000000E+00  0.000000E+00
 62  31  0.184896E+02  0.000000E+00  0.000000E+00
 63  31  0.184803E+02  0.000000E+00  0.000000E+00
 64  31  0.184679E+02  0.000000E+00  0.000000E+00
 65  31  0.184526E+02  0.000000E+00  0.000000E+00
 66  31  0.184359E+02  0.000000E+00  0.000000E+00
 67  31  0.184202E+02  0.000000E+00  0.000000E+00
 68  31  0.184079E+02  0.000000E+00  0.000000E+00
 69  31  0.184146E+02  0.000000E+00  0.000000E+00
 70  31  0.184076E+02  0.000000E+00  0.000000E+00
 71  31  0.184041E+02  0.000000E+00  0.000000E+00
 72  31  0.184596E+02  0.000000E+00  0.000000E+00
  5  32  0.180311E+02  0.000000E+00  0.000000E+00
  6  32  0.180809E+02  0.000000E+00  0.000000E+00
  7  32  0.180441E+02  0.000000E+00  0.000000E+00
  8  32  0.181208E+02  0.000000E+00  0.000000E+00
  9  32  0.181281E+02  0.000000E+00  0.000000E+00
 10  32  0.181256E+02  0.000000E+00  0.000000E+00
 11  32  0.181205E+02  0.000000E+00  0.000000E+00
 12  32  0.181208E+02  0.000000E+00  0.000000E+00
 13  32  0.181238E+02  0.000000E+00  0.000000E+00
 14  32  0.181188E+02  0.000000E+00  0.000000E+00
 15  32  0.181086E+02  0.000000E+00  0.000000E+00
 16  32  0.181058E+02  0.000000E+00  0.000000E+00
 17  32  0.181069E+02  0.000000E+00  0.000000E+00
 18  32  0.180976E+02  0.000000E+00  0.000000E+00
 19  32  0.180938E+02  0.000000E+00  0.000000E+00
 20  32  0.180924E+02  0.000000E+00  0.000000E+00
 21  32  0.180920E+02  0.000000E+00  0.000000E+00
 22  32  0.180919E+02  0.000000E+00  0.000000E+00
 23  32  0.180948E+02  0.000000E+00  0.000000E+00
 24  32  0.181029E+02  0.000000E+00  0.000000E+00
 25  32  0.181222E+02  0.000000E+00  0.000000E+00
 26  32  0.181444E+02  0.000000E+00  0.000000E+00
 27  32  0.181832E+02  0.000000E+00  0.000000E+00
 28  32  0.181966E+02  0.000000E+00  0.000000E+00
 29  32  0.182076E+02  0.000000E+00  0.000000E+00
 30  32  0.182181E+02  0.000000E+00  0.000000E+00
 31  32  0.182294E+02  0.000000E+00  0.000000E+00
 32  32  0.182389E+02  0.000000E+00  0.000000E+00
 33  32  0.182435E+02  0.000000E+00  0.000000E+00
 34  32  0.182825E+02  0.000000E+00  0.000000E+00
 35  32  0.182950E+02  0.000000E+00  0.000000E+00
 36  32  0.183091E+02  0.000000E+00  0.000000E+00
 37  32  0.183231E+02  0.000000E+00  0.000000E+00
 38  32  0.183663E+02  0.000000E+00  0.000000E+00
 39  32  0.183857E+02  0.000000E+00  0.000000E+00
 40  32  0.184029E+02  0.000000E+00  0.000000E+00
 41  32  0.184334E+02  0.000000E+00  0.000000E+00
 42  32  0.184422E+02  0.000000E+00  0.000000E+00
 43  32  0.184344E+02  0.000000E+00  0.000000E+00
 44  32  0.184377E+02  0.000000E+00  0.000000E+00
 45  32  0.184255E+02  0.000000E+00  0.000000E+00
 46  32  0.184241E+02  0.000000E+00  0.000000E+00
 47  32  0.184308E+02  0.000000E+00  0.000000E+00
 48  32  0.184414E+02  0.000000E+00  0.000000E+00
 49  32  0.184469E+02  0.000000E+00  0.000000E+00
 50  32  0.184497E+02  0.000000E+00  0.000000E+00
 53  32  0.184650E+02  0.000000E+00  0.000000E+00
 54  32  0.184564E+02  0.000000E+00  0.000000E+00
 55  32  0.184337E+02  0.000000E+00  0.000000E+00
 56  32  0.184256E+02  0.000000E+00  0.000000E+00
 57  32  0.184454E+02  0.000000E+00  0.000000E+00
 58  32  0.184384E+02  0.000000E+00  0.000000E+00
 59  32  0.184596E+02  0.000000E+00  0.000000E+00
 60  32  0.184795E+02  0.000000E+00  0.000000E+00
 61  32  0.184936E+02  0.000000E+00  0.000000E+00
 62  32  0.184873E+02  0.000000E+00  0.000000E+00
 63  32  0.184787E+02  0.000000E+00  0.000000E+00
 64  32  0.184668E+02  0.000000E+00  0.000000E+00
 65  32  0.184517E+02  0.000000E+00  0.000000E+00
 66  32  0.184353E+02  0.000000E+00  0.000000E+00
 67  32  0.184195E+02  0.000000E+00  0.000000E+00
 68  32  0.184069E+02  0.000000E+00  0.000000E+00
 69  32  0.184153E+02  0.000000E+00  0.000000E+00
 70  32  0.184086E+02  0.000000E+00  0.000000E+00
 71  32  0.184052E+02  0.000000E+00  0.000000E+00
 72  32  0.184640E+02  0.000000E+00  0.000000E+00
 73  32  0.184726E+02  0.000000E+00  0.000000E+00
  9  33  0.181877E+02  0.000000E+00  0.000000E+00
 10  33  0.181786E+02  0.000000E+00  0.000000E+00
 11  33  0.181749E+02  0.000000E+00  0.000000E+00
 12  33  0.181260E+02  0.000000E+00  0.000000E+00
 13  33  0.181310E+02  0.000000E+00  0.000000E+00
 14  33  0.181115E+02  0.000000E+00  0.000000E+00
 15  33  0.181089E+02  0.000000E+00  0.000000E+00
 16  33  0.180965E+02  0.000000E+00  0.000000E+00
 17  33  0.180933E+02  0.000000E+00  0.000000E+00
 18  33  0.180913E+02  0.000000E+00  0.000000E+00
 19  33  0.180875E+02  0.000000E+00  0.000000E+00
 20  33  0.180863E+02  0.000000E+00  0.000000E+00
 21  33  0.180856E+02  0.000000E+00  0.000000E+00
 22  33  0.180858E+02  0.000000E+00  0.000000E+00
 23  33  0.180882E+02  0.000000E+00  0.000000E+00
 24  33  0.180938E+02  0.000000E+00  0.000000E+00
 25  33  0.181076E+02  0.000000E+00  0.000000E+00
 26  33  0.181311E+02  0.000000E+00  0.000000E+00
 27  33  0.181637E+02  0.000000E+00  0.000000E+00
 28  33  0.181812E+02  0.000000E+00  0.000000E+00
 29  33  0.181942E+02  0.000000E+00  0.000000E+00
 30  33  0.182044E+02  0.000000E+00  0.000000E+00
 31  33  0.182143E+02  0.000000E+00  0.000000E+00
 32  33  0.182210E+02  0.000000E+00  0.000000E+00
 33  33  0.182264E+02  0.000000E+00  0.000000E+00
 34  33  0.182346E+02  0.000000E+00  0.000000E+00
 35  33  0.182460E+02  0.000000E+00  0.000000E+00
 36  33  0.182937E+02  0.000000E+00  0.000000E+00
 37  33  0.183155E+02  0.000000E+00  0.000000E+00
 38  33  0.183380E+02  0.000000E+00  0.000000E+00
 39  33  0.183591E+02  0.000000E+00  0.000000E+00
 40  33  0.183756E+02  0.000000E+00  0.000000E+00
 41  33  0.183872E+02  0.000000E+00  0.000000E+00
 42  33  0.183967E+02  0.000000E+00  0.000000E+00
 43  33  0.184074E+02  0.000000E+00  0.000000E+00
 44  33  0.184107E+02  0.000000E+00  0.000000E+00
 45  33  0.184511E+02  0.000000E+00  0.000000E+00
 46  33  0.184471E+02  0.000000E+00  0.000000E+00
 47  33  0.184453E+02  0.000000E+00  0.000000E+00
 48  33  0.184331E+02  0.000000E+00  0.000000E+00
 49  33  0.184462E+02  0.000000E+00  0.000000E+00
 50  33  0.184489E+02  0.000000E+00  0.000000E+00
 51  33  0.184484E+02  0.000000E+00  0.000000E+00
 52  33  0.184576E+02  0.000000E+00  0.000000E+00
 53  33  0.184582E+02  0.000000E+00  0.000000E+00
 54  33  0.184566E+02  0.000000E+00  0.000000E+00
 55  33  0.184567E+02  0.000000E+00  0.000000E+00
 56  33  0.184667E+02  0.000000E+00  0.000000E+00
 57  33  0.184680E+02  0.000000E+00  0.000000E+00
 58  33  0.184992E+02  0.000000E+00  0.000000E+00
 59  33  0.185006E+02  0.000000E+00  0.000000E+00
 60  33  0.184974E+02  0.000000E+00  0.000000E+00
 61  33  0.184921E+02  0.000000E+00  0.000000E+00
 62  33  0.184846E+02  0.000000E+00  0.000000E+00
 63  33  0.184752E+02  0.000000E+00  0.000000E+00
 64  33  0.184627E+02  0.000000E+00  0.000000E+00
 65  33  0.184479E+02  0.000000E+00  0.000000E+00
 66  33  0.184326E+02  0.000000E+00  0.000000E+00
 67  33  0.184182E+02  0.000000E+00  0.000000E+00
 68  33  0.184067E+02  0.000000E+00  0.000000E+00
 69  33  0.184177E+02  0.000000E+00  0.000000E+00
 70  33  0.184109E+02  0.000000E+00  0.000000E+00
 71  33  0.184070E+02  0.000000E+00  0.000000E+00
 72  33  0.184679E+02  0.000000E+00  0.000000E+00
 73  33  0.184757E+02  0.000000E+00  0.000000E+00
 11  34  0.181892E+02  0.000000E+00  0.000000E+00
 12  34  0.181710E+02  0.000000E+00  0.000000E+00
 13  34  0.181342E+02  0.000000E+00  0.000000E+00
 14  34  0.181293E+02  0.000000E+00  0.000000E+00
 15  34  0.181215E+02  0.000000E+00  0.000000E+00
 16  34  0.181142E+02  0.000000E+00  0.000000E+00
 17  34  0.180885E+02  0.000000E+00  0.000000E+00
 18  34  0.180827E+02  0.000000E+00  0.000000E+00
 19  34  0.180670E+02  0.000000E+00  0.000000E+00
 20  34  0.180634E+02  0.000000E+00  0.000000E+00
 21  34  0.180593E+02  0.000000E+00  0.000000E+00
 22  34  0.180555E+02  0.000000E+00  0.000000E+00
 23  34  0.180584E+02  0.000000E+00  0.000000E+00
 24  34  0.180703E+02  0.000000E+00  0.000000E+00
 25  34  0.180926E+02  0.000000E+00  0.000000E+00
 26  34  0.181124E+02  0.000000E+00  0.000000E+00
 27  34  0.181456E+02  0.000000E+00  0.000000E+00
 28  34  0.181840E+02  0.000000E+00  0.000000E+00
 29  34  0.181929E+02  0.000000E+00  0.000000E+00
 30  34  0.182007E+02  0.000000E+00  0.000000E+00
 31  34  0.182108E+02  0.000000E+00  0.000000E+00
 32  34  0.182176E+02  0.000000E+00  0.000000E+00
 33  34  0.182235E+02  0.000000E+00  0.000000E+00
 34  34  0.182369E+02  0.000000E+00  0.000000E+00
 35  34  0.182497E+02  0.000000E+00  0.000000E+00
 36  34  0.182587E+02  0.000000E+00  0.000000E+00
 37  34  0.183125E+02  0.000000E+00  0.000000E+00
 38  34  0.183368E+02  0.000000E+00  0.000000E+00
 39  34  0.183595E+02  0.000000E+00  0.000000E+00
 40  34  0.183772E+02  0.000000E+00  0.000000E+00
 41  34  0.183899E+02  0.000000E+00  0.000000E+00
 42  34  0.184277E+02  0.000000E+00  0.000000E+00
 43  34  0.184136E+02  0.000000E+00  0.000000E+00
 44  34  0.184421E+02  0.000000E+00  0.000000E+00
 45  34  0.184417E+02  0.000000E+00  0.000000E+00
 46  34  0.184635E+02  0.000000E+00  0.000000E+00
 47  34  0.184760E+02  0.000000E+00  0.000000E+00
 48  34  0.184542E+02  0.000000E+00  0.000000E+00
 49  34  0.184381E+02  0.000000E+00  0.000000E+00
 50  34  0.184398E+02  0.000000E+00  0.000000E+00
 51  34  0.184533E+02  0.000000E+00  0.000000E+00
 52  34  0.184713E+02  0.000000E+00  0.000000E+00
 53  34  0.184755E+02  0.000000E+00  0.000000E+00
 54  34  0.184957E+02  0.000000E+00  0.000000E+00
 55  34  0.184975E+02  0.000000E+00  0.000000E+00
 56  34  0.184920E+02  0.000000E+00  0.000000E+00
 57  34  0.184874E+02  0.000000E+00  0.000000E+00
 58  34  0.185178E+02  0.000000E+00  0.000000E+00
 59  34  0.184958E+02  0.000000E+00  0.000000E+00
 60  34  0.185176E+02  0.000000E+00  0.000000E+00
 61  34  0.185141E+02  0.000000E+00  0.000000E+00
 62  34  0.185081E+02  0.000000E+00  0.000000E+00
 63  34  0.184662E+02  0.000000E+00  0.000000E+00
 64  34  0.184542E+02  0.000000E+00  0.000000E+00
 65  34  0.184414E+02  0.000000E+00  0.000000E+00
 66  34  0.184288E+02  0.000000E+00  0.000000E+00
 67  34  0.184184E+02  0.000000E+00  0.000000E+00
 68  34  0.184297E+02  0.000000E+00  0.000000E+00
 69  34  0.184210E+02  0.000000E+00  0.000000E+00
 70  34  0.184136E+02  0.000000E+00  0.000000E+00
 71  34  0.184096E+02  0.000000E+00  0.000000E+00
 72  34  0.184731E+02  0.000000E+00  0.000000E+00
  9  35  0.182269E+02  0.000000E+00  0.000000E+00
 10  35  0.182178E+02  0.000000E+00  0.000000E+00
 11  35  0.181947E+02  0.000000E+00  0.000000E+00
 12  35  0.181807E+02  0.000000E+00  0.000000E+00
 13  35  0.181697E+02  0.000000E+00  0.000000E+00
 14  35  0.181538E+02  0.000000E+00  0.000000E+00
 15  35  0.181421E+02  0.000000E+00  0.000000E+00
 16  35  0.181078E+02  0.000000E+00  0.000000E+00
 17  35  0.180981E+02  0.000000E+00  0.000000E+00
 18  35  0.180869E+02  0.000000E+00  0.000000E+00
 19  35  0.180751E+02  0.000000E+00  0.000000E+00
 20  35  0.180489E+02  0.000000E+00  0.000000E+00
 21  35  0.180462E+02  0.000000E+00  0.000000E+00
 22  35  0.180368E+02  0.000000E+00  0.000000E+00
 23  35  0.180389E+02  0.000000E+00  0.000000E+00
 24  35  0.180467E+02  0.000000E+00  0.000000E+00
 25  35  0.181053E+02  0.000000E+00  0.000000E+00
 26  35  0.181104E+02  0.000000E+00  0.000000E+00
 27  35  0.181493E+02  0.000000E+00  0.000000E+00
 28  35  0.181806E+02  0.000000E+00  0.000000E+00
 29  35  0.181885E+02  0.000000E+00  0.000000E+00
 30  35  0.181987E+02  0.000000E+00  0.000000E+00
 31  35  0.182025E+02  0.000000E+00  0.000000E+00
 32  35  0.182190E+02  0.000000E+00  0.000000E+00
 33  35  0.182210E+02  0.000000E+00  0.000000E+00
 34  35  0.182456E+02  0.000000E+00  0.000000E+00
 35  35  0.182668E+02  0.000000E+00  0.000000E+00
 36  35  0.182903E+02  0.000000E+00  0.000000E+00
 37  35  0.183167E+02  0.000000E+00  0.000000E+00
 38  35  0.183425E+02  0.000000E+00  0.000000E+00
 39  35  0.183644E+02  0.000000E+00  0.000000E+00
 40  35  0.183814E+02  0.000000E+00  0.000000E+00
 41  35  0.184244E+02  0.000000E+00  0.000000E+00
 42  35  0.184318E+02  0.000000E+00  0.000000E+00
 43  35  0.184376E+02  0.000000E+00  0.000000E+00
 44  35  0.184631E+02  0.000000E+00  0.000000E+00
 45  35  0.184648E+02  0.000000E+00  0.000000E+00
 46  35  0.184866E+02  0.000000E+00  0.000000E+00
 47  35  0.184949E+02  0.000000E+00  0.000000E+00
 48  35  0.184904E+02  0.000000E+00  0.000000E+00
 49  35  0.184974E+02  0.000000E+00  0.000000E+00
 50  35  0.185128E+02  0.000000E+00  0.000000E+00
 52  35  0.184178E+02  0.000000E+00  0.000000E+00
 59  35  0.185234E+02  0.000000E+00  0.000000E+00
 60  35  0.185170E+02  0.000000E+00  0.000000E+00
 61  35  0.185094E+02  0.000000E+00  0.000000E+00
 62  35  0.184999E+02  0.000000E+00  0.000000E+00
 63  35  0.184890E+02  0.000000E+00  0.000000E+00
 64  35  0.184779E+02  0.000000E+00  0.000000E+00
 65  35  0.184658E+02  0.000000E+00  0.000000E+00
 66  35  0.184533E+02  0.000000E+00  0.000000E+00
 67  35  0.184408E+02  0.000000E+00  0.000000E+00
 68  35  0.184306E+02  0.000000E+00  0.000000E+00
 69  35  0.184218E+02  0.000000E+00  0.000000E+00
 70  35  0.184160E+02  0.000000E+00  0.000000E+00
 71  35  0.184729E+02  0.000000E+00  0.000000E+00
 72  35  0.184819E+02  0.000000E+00  0.000000E+00
 12  36  0.181802E+02  0.000000E+00  0.000000E+00
 13  36  0.181710E+02  0.000000E+00  0.000000E+00
 14  36  0.181546E+02  0.000000E+00  0.000000E+00
 15  36  0.181111E+02  0.000000E+00  0.000000E+00
 16  36  0.180971E+02  0.000000E+00  0.000000E+00
 17  36  0.180831E+02  0.000000E+00  0.000000E+00
 18  36  0.180711E+02  0.000000E+00  0.000000E+00
 19  36  0.180598E+02  0.000000E+00  0.000000E+00
 20  36  0.180503E+02  0.000000E+00  0.000000E+00
 21  36  0.180460E+02  0.000000E+00  0.000000E+00
 22  36  0.180350E+02  0.000000E+00  0.000000E+00
 23  36  0.180326E+02  0.000000E+00  0.000000E+00
 24  36  0.180393E+02  0.000000E+00  0.000000E+00
 25  36  0.180472E+02  0.000000E+00  0.000000E+00
 26  36  0.180652E+02  0.000000E+00  0.000000E+00
 27  36  0.181132E+02  0.000000E+00  0.000000E+00
 28  36  0.181571E+02  0.000000E+00  0.000000E+00
 29  36  0.181743E+02  0.000000E+00  0.000000E+00
 30  36  0.181879E+02  0.000000E+00  0.000000E+00
 31  36  0.181884E+02  0.000000E+00  0.000000E+00
 32  36  0.182016E+02  0.000000E+00  0.000000E+00
 33  36  0.182181E+02  0.000000E+00  0.000000E+00
 34  36  0.182394E+02  0.000000E+00  0.000000E+00
 35  36  0.182641E+02  0.000000E+00  0.000000E+00
 36  36  0.182904E+02  0.000000E+00  0.000000E+00
 37  36  0.183241E+02  0.000000E+00  0.000000E+00
 38  36  0.183508E+02  0.000000E+00  0.000000E+00
 39  36  0.183688E+02  0.000000E+00  0.000000E+00
 40  36  0.184190E+02  0.000000E+00  0.000000E+00
 41  36  0.184304E+02  0.000000E+00  0.000000E+00
 42  36  0.184376E+02  0.000000E+00  0.000000E+00
 43  36  0.184630E+02  0.000000E+00  0.000000E+00
 44  36  0.184814E+02  0.000000E+00  0.000000E+00
 45  36  0.184839E+02  0.000000E+00  0.000000E+00
 46  36  0.184857E+02  0.000000E+00  0.000000E+00
 47  36  0.184903E+02  0.000000E+00  0.000000E+00
 48  36  0.184994E+02  0.000000E+00  0.000000E+00
 63  36  0.184797E+02  0.000000E+00  0.000000E+00
 64  36  0.184702E+02  0.000000E+00  0.000000E+00
 65  36  0.184597E+02  0.000000E+00  0.000000E+00
 66  36  0.184478E+02  0.000000E+00  0.000000E+00
 67  36  0.184370E+02  0.000000E+00  0.000000E+00
 68  36  0.184279E+02  0.000000E+00  0.000000E+00
 69  36  0.184205E+02  0.000000E+00  0.000000E+00
 70  36  0.184164E+02  0.000000E+00  0.000000E+00
 71  36  0.184772E+02  0.000000E+00  0.000000E+00
 13  37  0.181750E+02  0.000000E+00  0.000000E+00
 14  37  0.181571E+02  0.000000E+00  0.000000E+00
 15  37  0.181415E+02  0.000000E+00  0.000000E+00
 16  37  0.181244E+02  0.000000E+00  0.000000E+00
 17  37  0.180761E+02  0.000000E+00  0.000000E+00
 18  37  0.180630E+02  0.000000E+00  0.000000E+00
 19  37  0.180519E+02  0.000000E+00  0.000000E+00
 20  37  0.180439E+02  0.000000E+00  0.000000E+00
 21  37  0.180405E+02  0.000000E+00  0.000000E+00
 22  37  0.180427E+02  0.000000E+00  0.000000E+00
 23  37  0.180535E+02  0.000000E+00  0.000000E+00
 24  37  0.180534E+02  0.000000E+00  0.000000E+00
 25  37  0.180519E+02  0.000000E+00  0.000000E+00
 26  37  0.180643E+02  0.000000E+00  0.000000E+00
 27  37  0.180814E+02  0.000000E+00  0.000000E+00
 28  37  0.180993E+02  0.000000E+00  0.000000E+00
 29  37  0.181200E+02  0.000000E+00  0.000000E+00
 30  37  0.181397E+02  0.000000E+00  0.000000E+00
 31  37  0.181656E+02  0.000000E+00  0.000000E+00
 32  37  0.181866E+02  0.000000E+00  0.000000E+00
 33  37  0.182080E+02  0.000000E+00  0.000000E+00
 34  37  0.182373E+02  0.000000E+00  0.000000E+00
 35  37  0.182622E+02  0.000000E+00  0.000000E+00
 36  37  0.182827E+02  0.000000E+00  0.000000E+00
 37  37  0.183435E+02  0.000000E+00  0.000000E+00
 38  37  0.183762E+02  0.000000E+00  0.000000E+00
 39  37  0.184027E+02  0.000000E+00  0.000000E+00
 40  37  0.184254E+02  0.000000E+00  0.000000E+00
 41  37  0.184341E+02  0.000000E+00  0.000000E+00
 42  37  0.184618E+02  0.000000E+00  0.000000E+00
 43  37  0.184655E+02  0.000000E+00  0.000000E+00
 44  37  0.184828E+02  0.000000E+00  0.000000E+00
 45  37  0.184834E+02  0.000000E+00  0.000000E+00
 46  37  0.184843E+02  0.000000E+00  0.000000E+00
 63  37  0.185150E+02  0.000000E+00  0.000000E+00
 64  37  0.185112E+02  0.000000E+00  0.000000E+00
 65  37  0.185040E+02  0.000000E+00  0.000000E+00
 66  37  0.184385E+02  0.000000E+00  0.000000E+00
 67  37  0.184309E+02  0.000000E+00  0.000000E+00
 68  37  0.184256E+02  0.000000E+00  0.000000E+00
 69  37  0.184751E+02  0.000000E+00  0.000000E+00
 70  37  0.184780E+02  0.000000E+00  0.000000E+00
 71  37  0.184879E+02  0.000000E+00  0.000000E+00
 12  38  0.181795E+02  0.000000E+00  0.000000E+00
 13  38  0.181763E+02  0.000000E+00  0.000000E+00
 14  38  0.181577E+02  0.000000E+00  0.000000E+00
 15  38  0.181459E+02  0.000000E+00  0.000000E+00
 16  38  0.181316E+02  0.000000E+00  0.000000E+00
 17  38  0.181172E+02  0.000000E+00  0.000000E+00
 18  38  0.181039E+02  0.000000E+00  0.000000E+00
 19  38  0.180914E+02  0.000000E+00  0.000000E+00
 20  38  0.180836E+02  0.000000E+00  0.000000E+00
 21  38  0.180465E+02  0.000000E+00  0.000000E+00
 22  38  0.180463E+02  0.000000E+00  0.000000E+00
 23  38  0.180531E+02  0.000000E+00  0.000000E+00
 24  38  0.180692E+02  0.000000E+00  0.000000E+00
 25  38  0.180709E+02  0.000000E+00  0.000000E+00
 26  38  0.180886E+02  0.000000E+00  0.000000E+00
 27  38  0.180951E+02  0.000000E+00  0.000000E+00
 28  38  0.181118E+02  0.000000E+00  0.000000E+00
 29  38  0.181294E+02  0.000000E+00  0.000000E+00
 30  38  0.181472E+02  0.000000E+00  0.000000E+00
 31  38  0.181662E+02  0.000000E+00  0.000000E+00
 32  38  0.181838E+02  0.000000E+00  0.000000E+00
 33  38  0.181994E+02  0.000000E+00  0.000000E+00
 34  38  0.182505E+02  0.000000E+00  0.000000E+00
 35  38  0.182781E+02  0.000000E+00  0.000000E+00
 36  38  0.183090E+02  0.000000E+00  0.000000E+00
 37  38  0.183404E+02  0.000000E+00  0.000000E+00
 38  38  0.183773E+02  0.000000E+00  0.000000E+00
 39  38  0.183980E+02  0.000000E+00  0.000000E+00
 40  38  0.184412E+02  0.000000E+00  0.000000E+00
 41  38  0.184593E+02  0.000000E+00  0.000000E+00
 42  38  0.184641E+02  0.000000E+00  0.000000E+00
 43  38  0.184834E+02  0.000000E+00  0.000000E+00
 44  38  0.184805E+02  0.000000E+00  0.000000E+00
 66  38  0.184911E+02  0.000000E+00  0.000000E+00
 67  38  0.184849E+02  0.000000E+00  0.000000E+00
 68  38  0.184800E+02  0.000000E+00  0.000000E+00
 69  38  0.184807E+02  0.000000E+00  0.000000E+00
 15  39  0.181509E+02  0.000000E+00  0.000000E+00
 16  39  0.181375E+02  0.000000E+00  0.000000E+00
 17  39  0.181247E+02  0.000000E+00  0.000000E+00
 18  39  0.181130E+02  0.000000E+00  0.000000E+00
 19  39  0.181026E+02  0.000000E+00  0.000000E+00
 20  39  0.180945E+02  0.000000E+00  0.000000E+00
 21  39  0.180904E+02  0.000000E+00  0.000000E+00
 22  39  0.180921E+02  0.000000E+00  0.000000E+00
 23  39  0.181007E+02  0.000000E+00  0.000000E+00
 24  39  0.180789E+02  0.000000E+00  0.000000E+00
 25  39  0.180962E+02  0.000000E+00  0.000000E+00
 26  39  0.181212E+02  0.000000E+00  0.000000E+00
 27  39  0.181339E+02  0.000000E+00  0.000000E+00
 28  39  0.181526E+02  0.000000E+00  0.000000E+00
 29  39  0.181693E+02  0.000000E+00  0.000000E+00
 30  39  0.181813E+02  0.000000E+00  0.000000E+00
 31  39  0.181937E+02  0.000000E+00  0.000000E+00
 32  39  0.182077E+02  0.000000E+00  0.000000E+00
 33  39  0.182247E+02  0.000000E+00  0.000000E+00
 34  39  0.182463E+02  0.000000E+00  0.000000E+00
 35  39  0.182730E+02  0.000000E+00  0.000000E+00
 36  39  0.183025E+02  0.000000E+00  0.000000E+00
 37  39  0.183302E+02  0.000000E+00  0.000000E+00
 38  39  0.183923E+02  0.000000E+00  0.000000E+00
 39  39  0.184202E+02  0.000000E+00  0.000000E+00
 40  39  0.184372E+02  0.000000E+00  0.000000E+00
 41  39  0.184789E+02  0.000000E+00  0.000000E+00
 23  40  0.181077E+02  0.000000E+00  0.000000E+00
 24  40  0.181243E+02  0.000000E+00  0.000000E+00
 25  40  0.181025E+02  0.000000E+00  0.000000E+00
 26  40  0.181704E+02  0.000000E+00  0.000000E+00
 27  40  0.181830E+02  0.000000E+00  0.000000E+00
 28  40  0.182055E+02  0.000000E+00  0.000000E+00
 29  40  0.182232E+02  0.000000E+00  0.000000E+00
 30  40  0.182294E+02  0.000000E+00  0.000000E+00
 31  40  0.182361E+02  0.000000E+00  0.000000E+00
 32  40  0.182422E+02  0.000000E+00  0.000000E+00
 33  40  0.182521E+02  0.000000E+00  0.000000E+00
 34  40  0.182703E+02  0.000000E+00  0.000000E+00
 35  40  0.182957E+02  0.000000E+00  0.000000E+00
 36  40  0.183229E+02  0.000000E+00  0.000000E+00
 37  40  0.183578E+02  0.000000E+00  0.000000E+00
 38  40  0.183891E+02  0.000000E+00  0.000000E+00
 39  40  0.184157E+02  0.000000E+00  0.000000E+00
 40  40  0.184262E+02  0.000000E+00  0.000000E+00
 24  41  0.181370E+02  0.000000E+00  0.000000E+00
 25  41  0.181543E+02  0.000000E+00  0.000000E+00
 26  41  0.181830E+02  0.000000E+00  0.000000E+00
 27  41  0.182133E+02  0.000000E+00  0.000000E+00
 28  41  0.182448E+02  0.000000E+00  0.000000E+00
 29  41  0.182663E+02  0.000000E+00  0.000000E+00
 31  41  0.182794E+02  0.000000E+00  0.000000E+00
 32  41  0.182854E+02  0.000000E+00  0.000000E+00
 33  41  0.182462E+02  0.000000E+00  0.000000E+00
 34  41  0.183081E+02  0.000000E+00  0.000000E+00
 35  41  0.183026E+02  0.000000E+00  0.000000E+00
 36  41  0.183157E+02  0.000000E+00  0.000000E+00
 37  41  0.183793E+02  0.000000E+00  0.000000E+00
 38  41  0.184091E+02  0.000000E+00  0.000000E+00
 39  41  0.184398E+02  0.000000E+00  0.000000E+00
 25  42  0.181349E+02  0.000000E+00  0.000000E+00
 34  42  0.182816E+02  0.000000E+00  0.000000E+00
